0
26.710848058823
25.2219653316823
26.8085637152257
20.8381581642467
8.60064742045244
6.37847498372274
5.96041289950284
6.6155682720362
6.55101587145758
5.73094009221739
7.71257858939245
22.0934071347567
27.1190007034856
31.0009033356243
44.8263360607878
24.565566324345
13.7125821771994
6.98716408159083
5.48349286877076
3.52036779369906
3.73176844027669
17.3846045825526
26.1631570816828
27.8828725351147
39.7599496816931
60.0928561802946
32.7780628116279
18.3967938498086
14.8479013832455
8.26637042673224
8.40076697441327
7.84762720077168
15.1613024608079
26.1757185244779
30.7140244204303
35.4602314402542
33.4889568826379
39.3544273479762
33.8645758857956
31.3172047810018
22.2676499628709
12.3880869264218
8.62212247769148
9.99146074944898
5.11279535004417
6.46961221292617
15.4320197694871
38.6715721336874
34.470879529279
78.2602756824765
48.4821688093957
36.3452247560504
12.4281871047752
4.52810180024633
3.09450900864178
2.48886357150863
7.1545410014795
7.32637157345447
16.4324217944582
12.3494888728223
20.1944106283084
35.0326807140542
30.999126531179
31.8658187246119
15.6408361287692
8.89485653068473
10.7462922861023
24.5693859615873
12.2851649784004
27.504983438566
25.9670021185904
15.7924594862256
24.058152250382
41.2057403226914
40.0419519445412
16.5099693878921
11.4705609563394
5.58469355896484
58.8342276447164
14.8702830831133
76.7224099573898
36.8043231888686
13.914649848454
16.8389555066086
28.3336714691036
38.6826052834575
49.796398140918
16.8540894083326
8.82195185775008
7.81678301179481
4.12680785430698
13.99348007755
7.86543975854097
10.3128441712238
20.7433747407347
13.1674050662637
15.8124165476478
18.8780873179681
16.7624427078125
17.2397630811097
12.3361636425107
4.69547824485283
2.46566096913582
1.96439069548277
2.30065095684253
9.82082039292096
27.643149420384
27.4363811108173
22.0754158806063
43.5164413271822
37.4165945839831
17.7879557094093
8.08639292072396
12.0073319576916
9.65205024787692
11.7968414605261
10.691514808483
15.5948826207452
9.25155824946481
13.8239873341548
15.4578509852858
49.9833559160431
31.7370734999061
10.4414391107671
10.0373819776967
13.4119296327846
14.3005857864264
5.21921146598619
28.6169615535353
29.6191417824961
29.3154212137977
23.6322172461077
40.400078104253
28.8962694454159
50.2274126161767
24.1781937214463
14.2577836045784
19.9865021213774
8.88312548764122
25.785033406876
13.2481936958459
10.7624154076342
8.64793794120325
6.46059915583976
15.5917630535535
50.8478532592528
46.2823989034913
23.3934786582966
15.8328826130994
9.55547762266083
5.28192985504523
4.01770960274276
3.34393513911943
7.77042730244306
9.8915798989759
12.3909516962251
17.6028307691051
41.8571410204074
25.4191032948264
14.081999888039
6.72517825981381
3.504523951253
4.1463327970589
7.2479290841778
12.3917367370021
11.7450859661285
11.6681721871244
12.9919833896549
12.0126641001314
51.9842705817478
21.8561168086374
12.4227440966352
11.5551178744331
4.70683693272829
3.99837897725909
5.30556762227902
2.61163235360905
13.1040285668461
9.71050040899866
22.2739978774557
22.9270717226326
46.320177701106
26.5304382031212
10.4116694363731
5.05276073777994
5.32289406939303
5.49391005399176
2.63324761432581
2.18601215523416
3.76472756954862
7.17397274765214
7.82530896198857
12.7045848948229
26.7013954344296
19.5166905546844
10.1571446654352
5.84867459740376
5.69174027038516
6.18357886995759
7.92137610751385
7.86270572055182
8.24233428492182
9.59638789780115
12.0779707981192
19.9337779009115
30.3268939932616
15.2120028751768
10.8547345963732
7.65967321759073
12.7941664016697
3.59458619115759
10.3839347110061
12.0717915134337
15.5314315845033
13.3353766982772
13.312313789488
15.2341088698036
23.9492294523109
48.856237959175
34.2439808364308
21.4345249012528
14.8193418012357
7.10833015594145
4.72300167747037
7.03944878016892
8.48029064475205
20.3264212538149
14.0441019311301
13.3434284994194
37.0993309678444
23.3776374574025
20.7409201636393
35.5775238238645
6.63130365149657
3.0923762744918
5.54183717389852
6.5180414129376
20.0142634836799
24.8098395422023
18.7404174932979
24.0617794296513
34.2405140033947
40.7730101773975
15.9594541825063
13.0039785325512
17.4328908455568
11.9528181555781
11.0279440094763
6.390930362844
24.4340211479831
31.2656248773606
14.5689306271014
28.8893000420487
48.5351145658134
35.3897664717537
25.7134660838549
14.2032390748146
6.15459781742041
7.73189941387215
5.60853407086375
5.52734195470408
9.24907370633543
12.0102212246851
9.720725105119
21.6991419740363
47.9029165149598
20.3710819786591
19.5459581352874
9.7327055494603
7.02174520177771
17.5186147532465
9.62543585526753
9.09413956054453
16.1754373446377
19.7872350588958
17.4937523399746
24.647860126705
44.1219262267738
51.9976306278348
46.3287174991807
51.7586798128557
14.2070521216244
6.96549789371207
3.93857717063047
5.1778323219116
32.1509126844079
40.0509617166678
31.5612700315738
26.4301451862267
41.0841700286796
44.7916161929549
35.6756625129277
29.4233988765806
11.5114141459728
9.32038510512132
4.48102786030442
5.89409026240307
6.63217059025781
41.599590898168
29.5646205882492
24.815011518252
47.6884535742664
29.9479320491018
23.7813652098103
14.238683652534
10.2079442085548
7.71769429087376
20.0282739555661
9.1938186406909
12.8748870306572
17.6259089041143
28.3816747225132
29.8427730240732
45.6612188683267
24.5450602384012
17.1846493104916
19.0747554076808
35.6600035284235
27.937324952437
37.6747542578736
24.9748513718154
28.4036287321724
25.3166922275465
18.9502440207525
38.4125266146441
47.9694575658771
27.672810876392
23.8816047849998
13.3391734107241
7.10220553380254
16.3762773039494
8.14318992229488
13.0497310236432
7.33108540588713
6.89315337055892
5.99597166921307
12.1830853625762
58.0006955258074
36.9083338407222
19.7198691240715
11.3828719046467
11.8484462794144
13.5257720468097
31.9159250698924
31.8352957422501
35.1578868704068
28.6917446212205
42.4812201730434
23.1463919493138
35.4663585265746
40.0147893775859
24.8004962664537
15.3491986877803
5.74565696484774
10.8635745842078
3.85658360918516
3.98022102312555
5.07216038728062
11.5860046571351
42.7498376084018
20.8660962748105
73.0696870436058
44.0212747533346
40.7718634489982
9.58729596599839
10.9347246043128
12.7738019664966
14.5313375563667
20.724020427409
21.2756321735244
17.0690921125445
13.0421353990588
11.575018445254
51.7351468725053
42.3279710166689
14.1522781168206
13.206359400071
6.62220546219089
3.38046818182275
2.6164348613089
4.11787476160682
7.9536973030935
5.88166072522046
4.93170291607537
62.8557722512373
16.2275254974316
19.3346689842143
13.1686076502255
8.71836658434109
7.49681258406891
3.22001133049555
4.18807106716423
12.5231481418772
9.19990596851378
19.22973023481
12.0921887389374
25.5382722639369
63.9622188963677
36.5520536285084
17.1964206490659
42.1385031902524
16.0638007444191
5.1957002668596
4.33172194496258
3.65739294693799
6.51138911906276
7.038576315982
15.6827471278788
27.698590410945
63.8659420872648
85.5506482459875
41.7578615052395
17.8221765987064
7.8108434372564
6.19571595153865
4.12314813201312
8.17752624553367
28.2509601495933
33.4284540864451
20.0344886989983
88.1968019630912
39.1821678478955
54.0070229158017
85.6678509606748
14.9146970432805
11.9641989228966
4.60907262465446
2.3565564175253
3.95469931846801
7.77533400302996
12.786091549844
8.58866277749681
12.8719314046331
25.0613923619557
11.9667211303925
14.4188159766774
9.33582331252979
9.58998244577313
9.35091342732444
13.4039130586077
9.22998493276711
25.9766990481551
14.7804693530658
28.9445165887997
29.2722519432918
49.5613452833947
18.0081480690592
13.2141194111007
16.1590720879649
30.0898988042549
7.81113799620367
4.19399156139925
4.93468034610026
16.0165564867053
35.1050744116977
29.484356590172
18.9477514208477
39.8528829524531
53.3889064735994
13.5283306617916
10.7623905472393
6.59782852309536
7.70355557956064
25.562264665411
21.3516582983419
16.9058319445221
12.9630891328321
12.8653718750604
23.0681486299429
30.9701594453319
23.6158996902722
20.0274153344567
6.77026897819944
20.220712789741
13.5628573692404
5.74475024596902
6.07542516065948
24.6752966414555
13.237262663424
12.7376179867817
16.5754179928459
24.5510421835949
25.5777782187709
51.0023052023665
30.8191274673037
14.545082711159
15.9606552558934
17.0776528492415
39.5631175557466
20.5993454566852
8.99553195773271
26.0396782592953
31.7051492774403
31.9666531582204
31.6864035508828
43.1862316181563
12.6710984586249
7.33048060274259
31.4683994128433
9.23616811179949
22.5395281870518
18.3006896284899
28.5649917441855
19.9324098416551
21.7344700161617
35.4759041569041
32.646233895001
20.0000131900334
8.81966744289225
3.56298082195554
22.6579505682262
32.3701636018524
20.8954914893245
23.4627709157068
22.7259831645225
19.8772293573774
21.4102209273639
32.6383926827473
35.2173460101207
24.7037413094153
15.0390752128899
13.8247839900557
16.3173900950394
8.75614728953704
7.1256575323718
15.5676417055342
21.3051726034329
20.3135434803388
18.3659411272406
55.028499703126
68.8717862911656
15.8801044741208
6.29468561919342
5.04895089277344
3.41555020405534
6.17629454497052
9.61477516634989
15.9214369786111
20.227734535224
11.5168647673339
13.5047963907406
56.7843228971884
72.8837472360245
28.1758556588499
11.1945068371166
13.0501979281841
11.5553694872017
12.8435808854775
5.8960998531557
9.85418251310266
23.1927795510113
25.8856957485638
22.1357210149564
28.1942812457588
19.3825006951932
10.9017255894943
8.06597419756031
9.27125685342044
6.71778080820117
5.2956160105676
48.3194848919466
35.336407919352
17.1321689658842
28.9916911666913
30.4462600417125
33.2056651228007
96.4565969869793
28.9847519569351
26.1024658954312
27.6034577449442
6.68657245550755
21.0185905727121
24.3999023462572
22.8466116565697
48.1235331329961
26.6922466313986
28.4286741867059
49.6646893853937
27.7996404042236
21.9873443963229
7.43248779161487
7.88340286117546
13.2760952001251
6.74453191294114
6.59301693425834
26.3560828108445
16.9067827867387
31.6179771584752
35.6692403807631
29.6933036305419
21.3678914605063
33.2651985895573
41.077912610364
9.16218950077796
3.74802640103492
3.17961043033827
8.93714289260921
8.77216816795091
7.81755258361854
16.2613551433076
30.2998584438379
54.3367949598492
16.9935086051789
18.9591559253133
10.9414685602545
5.26006325266541
6.64619161173893
56.8130340419435
19.7143721604774
16.5573398868992
13.1282272548823
14.0367376663337
22.8295692531934
41.5949502207458
34.3958605744484
28.0663562936523
44.3189577470204
32.0843984795752
17.9526872505189
15.7472347762476
9.04597701594715
9.7541976279053
13.6529751688346
12.6364038031837
21.1662985358551
56.5359930210854
38.8405127898623
20.2168848912158
21.9530091310702
9.07947754772565
3.77111495058933
8.92904557771859
4.0192923025254
3.62157485075798
6.00799291619396
7.1090677322178
10.8048858342888
20.9655566912808
21.5109951061698
24.7521666928641
18.3587671309071
7.20466760346048
5.72397474238561
5.1589183258573
10.2441221465707
21.9899254667171
25.8165530196691
16.4202537552234
19.2141131544331
59.4771155337828
28.1145935095227
25.3871460772465
18.7731225362398
7.62182970190213
23.0393563341452
45.2815114405269
30.2249941377725
23.6304761803229
31.8720249069637
15.886932402588
17.3241104971697
34.9614472569409
38.676817591691
23.4259711729759
8.83021882955047
7.98562757745139
8.34628176636914
28.6540960640086
11.408926759284
12.8316946192054
15.9680430706284
20.6257937720427
30.0284949861422
39.0933826957598
66.8458043516191
17.960300596204
16.6915589267162
13.8885360595678
9.32139998400567
4.73640432726566
78.9453755340515
39.4362522518807
24.8208326989572
47.9962593499233
29.4784036525775
19.9867797469482
19.9956187711644
30.4479465593149
31.4712824693905
12.9296773298199
10.0335710681753
8.56108267164801
21.7996738010713
22.4181029545269
16.2992400389916
16.2228828342067
13.9359314535483
33.0295706631774
67.347436973717
22.2095304182595
13.2792670635607
16.2045097978447
4.65479485076834
4.62324040393234
7.6644952190001
9.40168787847578
16.8437312074627
16.4914486973647
66.0453853194368
83.9512034221541
37.5106131808117
13.1456469570014
23.3055554325509
24.253766693805
10.0612016603501
32.3923511196881
14.5330956934623
16.4706760142332
33.0521133748907
17.5299712614442
20.6409728976307
38.6246456848521
25.6682065921868
21.7203562566315
25.7891466390809
40.1800647578349
13.8084456196212
5.30058007575906
14.4722958645392
14.1267500491858
19.8822351837315
20.8074218098581
33.8273228007261
66.7186945885438
16.6595211873392
10.21899077486
9.15639400025884
6.90773223305822
4.1627597689981
7.02041048236712
15.8941779950552
18.6125020391487
21.4689818865634
