2000 1 19.8408354981543
2000 2 5.75746253730558
2000 3 6.1633807770891
2000 4 16.6338816180774
2001 1 27.1348031146425
2001 2 15.5955544220765
2001 3 9.0260176438554
2001 4 28.9266817163162
2002 1 16.8648275704792
2002 2 9.13195053878362
2002 3 9.37563971276087
2002 4 32.7088136512366
2003 1 28.8596813837906
2003 2 10.6885951750558
2003 3 48.2140929164515
2003 4 18.5142049387483
2004 1 26.8982578773451
2004 2 5.4478329802319
2004 3 4.82532298536399
2004 4 27.7070574870014
2005 1 39.255106598428
2005 2 14.5806346127384
2005 3 12.5876462103475
2005 4 12.1439193561292
2006 1 19.290331805244
2006 2 11.9839982507315
2006 3 11.7220350030362
2006 4 25.2052570933345
2007 1 22.9346981143121
2007 2 9.24217688196519
2007 3 14.9630190816751
2007 4 23.8755733308135
2008 1 21.8614068633077
2008 2 8.27359361484343
2008 3 5.48151746496317
2008 4 23.3310204387749
2009 1 37.184418485474
2009 2 6.68164137838978
2009 3 7.32913560833632
2009 4 16.1811503445622
2010 1 23.1961070863455
2010 2 5.72122345313767
2010 3 11.4380417646857
2010 4 34.6075488981613
2011 1 26.1801390371292
2011 2 12.2013184844134
2011 3 7.0691079322403
2011 4 31.436261155194
2012 1 25.6423423399943
2012 2 4.87726202665133
2012 3 5.82273732381237
2012 4 30.9416725342313
2013 1 47.4675352696877
2013 2 12.5538809023835
2013 3 5.05617625024489
2013 4 25.4507417160728
2014 1 40.2356851425234
2014 2 5.85534727800325
2014 3 6.8184670600761
2014 4 34.1678998329765
2015 1 25.7454084799849
2015 2 14.71861362726
2015 3 12.7427268330353
2015 4 19.7949259760466
2016 1 19.8331708841757
2016 2 12.6586961002926
2016 3 18.4253477007713
2016 4 26.712406981362
2017 1 17.8161500967786
2017 2 6.95558868238572
2017 3 28.0272793303222
2017 4 26.8941645634352
2018 1 13.7799077705484
2018 2 3.79106046837406
2018 3 7.31228610904266
2018 4 21.6961948940386
2019 1 26.0755793556355
2019 2 9.7243297153751
2019 3 8.99433446459037
2019 4 36.2065313161348
2020 1 31.8054607223849
2020 2 9.06210341089785
2020 3 2.09166455824494
2020 4 22.5007827344638
2021 1 23.3680634001673
2021 2 15.0540913690365
2021 3 5.07201842228648
2021 4 11.7713386753879
2022 1 17.6693984332596
2022 2 5.35122794888302
2022 3 7.97569641865852
2022 4 12.96883659161
2023 1 42.1313479128772
2023 2 4.97313197783396
2023 3 17.4639581395557
2023 4 33.7674415571588
2024 1 14.6114475459467
2024 2 6.34923415363158
2024 3 4.96025497596011
2024 4 36.918073454163
2025 1 39.9764582664554
2025 2 11.3203039308576
2025 3 5.78208337379678
2025 4 21.4368409572997
2026 1 35.0948942454025
2026 2 10.162218925841
2026 3 14.5491891905675
2026 4 22.9291142402072
2027 1 11.5998957481286
2027 2 10.7674613148173
2027 3 7.89533677404459
2027 4 23.5898295111118
2028 1 18.7559607025241
2028 2 4.88191476239704
2028 3 34.186623267669
2028 4 21.7970661267952
2029 1 20.029432918089
2029 2 5.77852866060641
2029 3 8.06167865179641
2029 4 17.6008276886911
2030 1 19.8278566043639
2030 2 13.9609403289884
2030 3 17.6859403694191
2030 4 14.9447509143344
2031 1 14.4104520643917
2031 2 19.6145218877628
2031 3 13.7754681740157
2031 4 26.276813323125
2032 1 17.5632007125219
2032 2 5.67843728826532
2032 3 11.7315322381709
2032 4 19.033825431403
2033 1 30.9349149395431
2033 2 9.31233011731381
2033 3 8.07062187349318
2033 4 26.1033911984578
2034 1 29.5537199329576
2034 2 6.48301317879814
2034 3 7.59966543286871
2034 4 28.0857057852135
2035 1 26.4810860146535
2035 2 26.2547096701145
2035 3 22.9770525946345
2035 4 20.8522033568558
2036 1 24.3964876283617
2036 2 12.0865682836461
2036 3 12.5004616737797
2036 4 21.9672803407361
2037 1 38.5195831355314
2037 2 5.95957771170797
2037 3 1.9219264414475
2037 4 28.4227433974557
2038 1 31.4101676506862
2038 2 8.92017881423829
2038 3 2.64942564722848
2038 4 16.636949592581
2039 1 16.4166675584742
2039 2 9.62067101769902
2039 3 6.13479678848775
2039 4 19.7224644741581
2040 1 19.1769433013375
2040 2 5.88130086076197
2040 3 2.87277655892899
2040 4 23.4022633396567
2041 1 27.8350158102637
2041 2 7.63343952590399
2041 3 1.64347850585395
2041 4 27.22341008869
2042 1 21.3559896539822
2042 2 11.8381117553544
2042 3 6.4167848828848
2042 4 11.3948136906176
2043 1 15.3777438049967
2043 2 10.2969371174408
2043 3 4.13498248819597
2043 4 18.0798228005934
2044 1 16.2079631311429
2044 2 14.7937619246392
2044 3 17.4542795313012
2044 4 23.81254925363
2045 1 27.6664267245567
2045 2 11.6930792517618
2045 3 7.7741173119412
2045 4 23.0466797045223
2046 1 18.235470599181
2046 2 11.1007108377891
2046 3 6.84027393970256
2046 4 30.6561393608943
2047 1 21.6745724421269
2047 2 8.92955945371966
2047 3 2.48197999706431
2047 4 21.3564294867944
2048 1 33.5684209241043
2048 2 11.7060325839984
2048 3 16.3433760546767
2048 4 25.8766912077215
2049 1 29.4415313313232
2049 2 18.2154488391213
2049 3 8.78119725088907
2049 4 33.572049155425
2050 1 17.719143848062
2050 2 12.4075641917538
2050 3 21.0914162301914
2050 4 21.5682316666658
2051 1 29.60185311626
2051 2 5.87025880426418
2051 3 6.7182173640899
2051 4 20.1122469971569
2052 1 15.1272018726487
2052 2 8.2657169736179
2052 3 19.9675258199442
2052 4 21.0952063449721
2053 1 28.6367975746532
2053 2 19.0194792942182
2053 3 7.43000080882346
2053 4 17.9358840525707
2054 1 21.7188755307334
2054 2 11.9546112968819
2054 3 11.3826833506791
2054 4 42.4686478708403
2055 1 17.3189510242818
2055 2 8.93147404171741
2055 3 9.96892835272302
2055 4 36.8857968800924
2056 1 39.8570924980058
2056 2 9.42655742116895
2056 3 8.82916824878687
2056 4 28.8861879227814
2057 1 9.56106515050196
2057 2 9.2104358651083
2057 3 9.3435348098272
2057 4 31.71739173535
2058 1 18.4269395763545
2058 2 8.464405391788
2058 3 8.40505550496352
2058 4 18.1540317350818
2059 1 32.9815104392763
2059 2 5.71713201045085
2059 3 5.08590202984375
2059 4 21.6397629882998
2060 1 27.6374399596985
2060 2 9.60508094085427
2060 3 6.46273989600714
2060 4 17.8653515841512
2061 1 20.4206879924658
2061 2 11.2635263560601
2061 3 11.8461539133654
2061 4 31.1359575287851
2062 1 15.9677780078898
2062 2 3.80635152025132
2062 3 6.41053344090222
2062 4 25.3417789711142
2063 1 16.0742795161564
2063 2 5.31393794846963
2063 3 6.77439743422835
2063 4 20.6909114136451
2064 1 36.8711005632294
2064 2 4.69443907771618
2064 3 13.2793887663708
2064 4 15.5752394857879
2065 1 24.0622813024918
2065 2 9.85865613825266
2065 3 20.4406178003332
2065 4 24.4875907092893
2066 1 17.1462399935821
2066 2 13.9789917383176
2066 3 9.69125133772416
2066 4 18.3781286086321
2067 1 23.214976991191
2067 2 9.18136378428775
2067 3 9.53537000837986
2067 4 33.2802214975972
2068 1 13.5594050756261
2068 2 26.9231000445067
2068 3 13.3349611502732
2068 4 20.8445104894096
2069 1 13.3797250278595
2069 2 3.58015311353015
2069 3 15.8609192286762
2069 4 28.3337990479811
2070 1 15.053488011819
2070 2 6.27304399406695
2070 3 13.6215156293246
2070 4 17.6342712246748
2071 1 23.9763873403301
2071 2 9.39001866202339
2071 3 5.81473875455124
2071 4 25.389063091095
2072 1 17.7915099108487
2072 2 4.86650582642668
2072 3 22.1047313254078
2072 4 28.4098437431082
2073 1 54.688903538455
2073 2 7.22026747046133
2073 3 10.1269268280735
2073 4 34.7023458311635
2074 1 28.6090952649621
2074 2 12.7194229382764
2074 3 14.7455751810224
2074 4 22.1505257571752
2075 1 37.6346971131541
2075 2 9.56586559107861
2075 3 13.4247052286842
2075 4 31.3916025782754
2076 1 27.6696294662161
2076 2 7.08998019028217
2076 3 8.34320518767076
2076 4 20.656971653034
2077 1 31.4393543641389
2077 2 6.80286892514719
2077 3 5.89636088015458
2077 4 23.0927823921443
2078 1 28.9798858695907
2078 2 5.39865454598815
2078 3 5.94017194581253
2078 4 26.9600987566141
2079 1 28.3487452557546
2079 2 5.25072173902925
2079 3 9.08367075885624
2079 4 28.2068059388178
2080 1 31.7060421179074
2080 2 10.0050349840263
2080 3 5.6801257481246
2080 4 23.3146659452261
