0
21.7707429516395
27.5786240237414
23.7053198920528
15.9763511042558
11.4345070497937
3.20444089142615
2.63343967069693
5.94111708539327
6.86926341791368
5.67976182796037
17.1861594969287
20.1821052479655
22.9708790900902
25.8113546371042
34.1370113110626
20.1325949182224
27.247689353596
11.9396611971658
7.59931271546759
10.2101350726947
7.49395932821136
9.37395853066014
46.7423878901049
34.665507585994
32.7713532936235
48.7339274821496
17.3644714089739
16.3651837319845
13.2773611219886
4.89289338117098
9.22559711319128
11.0322606649642
6.05692914865121
11.0377293246672
14.6644662431795
17.1300792043679
17.4630679601515
16.2188828098005
43.612134338393
14.1072284291882
17.2417503532499
5.35817787718254
9.46585729473504
14.8502329560164
101.713942846051
28.0781029472873
23.2447897806733
26.3266870048646
20.5007370701591
59.5887393185499
40.721776572551
13.0747391821391
6.64201007365675
6.21911529329054
3.48237357374843
2.06324533592903
5.8444831637235
6.56824045643943
4.41206655443212
6.36750066800854
8.41483766464736
12.1809654822708
45.5023183261319
33.0078948707241
18.8015814305478
12.7669636204345
12.1733587872329
17.3278861098011
11.2722911776004
9.16276134364108
21.6123736095902
25.9416285728268
23.0103466739491
30.7671958999629
21.0016172087961
17.579046401692
14.7409031695487
15.186911941459
6.02417964118672
10.5036767102182
9.85823880896794
14.8041894899225
21.101857226599
18.8957121527634
17.5410188567865
27.9181146421457
33.5538080047831
12.315588223841
7.56893854028023
15.2852835403489
4.87230856526647
3.89684095046348
19.4953417153088
21.4968745792531
31.1474476715583
26.9487512881209
32.2380614244724
28.5753450033877
19.6302499433054
24.0925637833101
8.46539101884068
10.2657002747505
6.0896895509391
6.8001274989155
4.67763331520052
4.9667915807735
5.56192403911853
9.66206378848187
9.6380481881963
29.8830168140715
43.8844937050471
30.4843432659009
11.3173588484023
5.8760113220314
2.85155396473568
2.95746144342192
5.43023035087545
13.5997150307116
15.5414725874991
21.1742434615527
22.5959251333459
48.5455736686213
25.1934737513369
21.1987404213542
8.96908775495182
5.78394873145886
2.41063387300232
11.3277957350626
7.53933567743037
15.4469938815641
46.1144533291252
20.274138760343
31.4016146690359
64.4870603038164
37.9357879957266
14.4244900785317
14.2436291927342
12.4726117524813
9.88771450802456
11.4953853319093
5.4786249753864
4.23331348942517
9.58223088758079
21.1878727739412
28.236694177741
57.4413398109563
26.3520723998428
24.9326122801458
5.49021537873011
4.80096842553522
4.34060227568868
5.76060823430657
6.66649959638636
5.0411041407442
16.9007833742868
26.8210433949246
24.9581140534205
44.1478842267164
31.3483372422248
63.5867332971507
20.2092730317532
11.9187965814471
5.53357309395028
4.84334818248792
4.6473519668881
5.67782860135864
5.87592518922973
26.4056884397095
32.2070945210083
68.4379027362341
54.1585454330711
26.3128248519758
11.7921548281168
3.80256039211692
1.97132661377597
5.42339263564347
3.15578785082013
11.8762206937647
9.62091363495401
22.148060184424
19.4425412001455
30.4077307102265
25.8757744754599
25.6150424845099
18.1702616658041
14.6767231200617
11.3088560959142
17.561830384631
14.422609019757
6.24374109471802
7.18137180939046
18.2796312721986
28.0318378280494
47.5774925712597
21.4022831413996
18.2640586269519
14.8938924227697
10.8486382531136
12.2335576249945
18.6359264212858
14.1765013280384
22.4636153529898
12.9606662539403
26.6735048802139
23.6324405305533
35.1177033167971
16.7055815603144
18.9267186332429
7.94582824103643
7.33515985862415
5.58577794749659
25.0124112277486
18.4648309013129
40.604595861905
22.1530095261765
20.2886601963873
25.8352099707885
22.1959452997658
17.1101492584061
10.4496662826906
3.88074886645185
3.20119910734939
4.29123343132094
9.3658767558884
4.87445921644797
7.69652235479161
18.4649641092129
26.5033189999997
45.9656990705649
52.392424407093
37.524102927793
14.627055783478
10.2105501343016
3.75276763703229
15.2096713747914
4.79505887159626
4.70235102557248
17.4855934966024
19.9646827868816
16.5124292988664
34.7602447232606
35.5985396089976
47.0592778848785
16.5516435598913
10.8683950655773
13.3504198270257
2.96749534009052
2.84968932718069
1.57200620595782
1.8532981415963
3.13191730673058
9.15453839309781
14.6368994795154
18.4401644777119
32.8040627804866
13.9320640198481
29.4616832331047
9.63136734834204
6.06922352566271
3.92448476246775
5.2958858934764
5.99568461091528
4.8537523512264
5.59267935448935
6.97224202070314
17.7853791987373
14.9560784146535
20.3827184518658
8.07427043574319
4.97631240027724
3.00310101062863
1.84009965849321
6.79959112637653
15.2873984711058
21.5250457925102
19.2799560067284
28.4235650844999
46.5965178914823
41.3914874209655
42.8712084047888
9.12061041211858
3.84341206457996
1.95537345680335
12.7195193429899
15.3356301339546
24.3367249417227
40.7697272459246
32.3525973530917
56.1108147499485
49.2589349551867
14.2193567142482
15.0035383776453
11.1920094350731
5.7568748771785
2.09881814864312
5.38074918509328
4.19483720962694
5.30517853316011
9.94994675842496
9.17492908244332
21.02739428744
29.7832779448821
50.6333085649902
29.3196079679205
18.0936954502689
9.20663152775493
6.66058481454904
3.4614482338804
1.65445788798133
12.2303439995286
25.7617625144333
21.2103556634169
22.4215097084512
30.3492519627109
28.2375590514454
41.9522294393597
14.4436522066574
10.5501449920121
5.49285957885354
3.34992121036545
14.1659039662697
26.1317423950673
17.73533962625
19.3431166380871
20.5545484606641
40.3279686674443
16.1378023552906
7.0619891409665
14.5272051305278
10.1300638977255
7.64511491619849
7.11480062477011
7.10553059486624
9.46567910249743
14.1336842782517
23.1972159783236
21.163471616005
19.82199226259
24.5423706468047
12.9695507582436
4.23792619574785
3.3887184861734
7.01909960526988
10.8042762164033
47.0085458855539
44.7470477010497
23.0055846502622
16.8630518183421
16.1499074904935
30.0586621604692
21.144540146342
18.9143256898361
7.62474033381593
5.19064124551773
4.52020440248558
4.11222016638087
9.31934056533447
10.7534752236739
7.3316892854596
11.3348265294738
15.7788891217351
21.0494340836743
18.0838156981529
21.5718975105749
9.33910581546804
8.95370638616849
23.5900087853287
17.7396455734435
21.4692319047009
13.8489436301129
11.6158539224546
14.1983720386509
22.535802290646
36.1339447145351
12.8493048190853
15.971599309698
10.4701267309394
7.80020221802516
40.5732367143238
19.3275310866845
9.58254473120623
12.4163287041565
32.2391342486678
19.6473105842796
15.158639625333
27.3756718566618
18.521438003848
16.6049634211958
11.1086205536882
3.76012190447262
2.16656940663511
4.08106290316797
12.0964333091662
19.0171005021785
13.9536796593376
18.2167037137715
24.4248030168541
37.7007344986977
40.5564238300516
21.3134060490345
15.7889525220695
9.42597164680147
2.72206618307044
4.46528847833936
6.39108442906803
13.3554927130722
24.0713235645077
27.4031136017485
35.069153151494
33.6737354908201
39.5987100623933
19.508729803522
6.65022268365117
6.14359879586969
6.65521805687356
6.29158731270703
6.62716024273928
9.88024874315981
16.1968208967915
13.1430276583665
23.1809441936029
28.7460613630875
33.8398100019267
19.1223620273803
15.0950813671903
24.0912058258815
39.5778418172718
47.4346095268806
9.9488650416815
11.5476832153414
18.3387802123661
16.3561650230528
24.2179065720599
30.8627644630484
23.2084186656926
25.5845565910308
16.1062149762647
8.7167090620604
11.4367808126133
15.2753932150897
13.0476092923773
9.17838251387224
16.4322853047832
20.4900632441747
48.0786563403687
40.1150578147154
50.4619744493993
26.5771918216635
9.60331190010186
4.67067226500417
3.60474897001786
2.73725770657613
1.782490193135
1.24603142463138
5.00719619056391
8.28389330496141
17.404660980444
31.6470856564006
18.6054230651798
44.2149122361926
17.2780876575087
6.16610131262268
3.31634747258351
2.16455016517419
1.53292832665837
4.25079844985287
9.21215842851787
13.5524979226344
18.4755477900248
21.0553893043422
17.9657183445546
14.8676167723939
9.23696273322905
13.5714125697709
6.05363775009707
6.44030106202858
3.87866837003936
8.08542093339531
25.806422879631
28.1533761382644
32.9272537294571
25.5140188858139
22.3529449623993
16.0009416402757
10.9313268315123
3.89262772548642
2.8199480252872
2.91614688946134
1.32415567127301
4.37802711605262
7.01440460509149
22.1145993994504
38.3151319846829
45.5066499183413
39.2525870230004
16.417444597527
13.6652228941434
6.94139866613724
2.29369701743129
0.987873716984255
1.02811210091449
2.9144496996631
2.95725905228555
4.87740317221524
9.41815003915843
20.8338334667334
31.2553135248742
11.4566657830902
7.44529626218921
16.8076028300116
11.2614361738623
4.76077877296493
4.66489397139617
9.82468190429329
10.4498680843632
15.0238127729606
15.0059371299723
31.7560431524997
15.5591658831131
15.1963217268802
9.75761306925332
11.4472727983683
9.6859254847007
6.06096739293933
2.14754880392528
4.19643126772329
10.5334981469408
16.5787198565
32.0070038539362
38.3177662693358
17.3618996244157
15.0540266378701
13.4547430044038
17.527793891276
13.3987488782379
7.97751503188201
32.763404734069
11.6219188279527
8.346707034748
19.6336115742864
16.5461809193998
28.4535645034836
28.7871004764708
26.5457529726425
8.91933508723519
13.7200805714294
12.4398220966206
8.94865736834351
5.99572405562531
8.37797051185478
27.5533618209195
30.6329825606128
34.3355274175714
34.3282545649791
21.1711359375376
15.2998052608245
12.8216205413981
13.0448511463181
7.4356608256512
8.13104960229985
3.1982457376425
9.19152647916532
23.3277929004138
22.5180453742468
20.7179649897789
32.4882932565854
24.1464877644936
19.2026571197602
12.2327881535518
4.13216004082217
10.423730166785
2.66512262948553
2.44414272084834
2.33667464085907
9.70141432656668
18.6753372764764
20.1783870293921
33.9634808642434
40.7689819887141
26.3678598594945
21.2787300269137
9.57234228416889
4.26702544091246
21.7626053399114
8.89150064781813
18.3760221763005
30.6895596607742
22.263025065018
22.915510658986
60.2863747221278
43.5118772442811
15.3711854183653
37.6905472559749
11.539798266988
5.41600099440091
6.74152875707618
8.61610578971103
10.98595720588
28.8232861755682
26.4932476648339
17.993225768852
20.1669770676235
17.830811194038
17.6074765020861
12.1590091454378
10.9285726331293
14.1351107966944
22.601202941842
16.9881495009022
23.6848962478301
21.6194761653539
21.3094828279497
20.1152050443653
25.9050905842032
34.2163215756755
24.9873846568446
6.50356605929716
8.19425555751439
2.91295479598101
4.86816045161105
10.1241145734074
5.1623770672513
13.1192095321096
14.2548091048311
21.6237429246325
29.7755400234573
20.3225733293807
9.93183041591662
9.73826030367161
4.63243542502702
10.4264551921551
17.6199301264571
12.1457644274135
30.1368829059621
18.7267333269673
13.0697854751501
21.5154789766352
25.2065910754761
18.7518400816996
38.5217550676068
28.6634210144934
8.71061345933616
19.6844034088251
8.27770322547302
4.24382830163497
9.7684708993624
11.9516806830214
39.8744426325874
42.884674653304
57.6645702002506
22.6835387336869
20.7542123277798
10.5560208739588
14.0440547819963
11.2637582346908
20.1509166630645
6.71832186587869
7.27881152309416
29.450903997219
34.7591680296774
26.3770264551
69.8084596280675
21.7787564566835
12.85914559188
11.380977451393
6.39212126853735
9.02132340522189
5.02020803003098
6.32794419584937
18.5586328322887
16.5985334075247
28.7925299950164
25.3450692252549
46.1871940185114
51.88591549426
27.8282695017516
17.0869519259973
9.22803944207446
1.96468089543512
6.72386493423603
10.3355717483833
9.42806806374128
15.2199584523427
35.7613399326019
31.6090520154859
44.0600610236493
13.3179241962427
5.80420610476125
17.8535395999521
4.9375237453966
4.84024424997621
4.91890234537621
5.29745593908767
17.8142461450177
15.4391139696628
16.8345250190516
14.8627991586541
20.7862119015323
18.3674177687858
18.4864613839231
13.1668949705645
5.3301081969652
6.89621300783435
8.44090102110085
10.0586443045546
6.71562118923509
20.1325908610892
20.1663997277109
21.1002963265689
27.1277724283788
36.5658060449785
29.397214833574
8.9277698298148
5.82779413393449
2.39583206760326
3.81442453166103
3.77589027491391
7.66739128295631
18.1645834705407
16.3634411005347
22.297027523173
23.8653992261498
27.3711525910599
27.9037273283371
12.548658532929
8.05489743659215
8.21168685304171
10.0950465220715
3.91795473997449
5.37521842597545
8.93553848674753
12.5236572965016
17.6631493585796
19.6336110939983
25.346853096618
15.4945228883136
8.62911093674443
15.6873988298231
9.4740693016128
6.20429701016839
5.46617043524764
23.8679942946803
74.7234123660611
29.7876644745859
24.7189962870498
28.7482060828811
18.4064334515874
13.5291225641922
7.1123808764056
2.51894733610399
1.78772634824437
2.42810863868879
4.11641423457926
12.6870774494386
18.1122490399398
15.4939724226489
35.1044103755166
28.5919158058105
23.3503832341369
8.79817579817598
9.82925865069722
2.74974813991362
3.36280705479805
6.48947206217525
8.81801954155745
5.01570069895233
3.57334705060437
5.89333654239904
9.04741240854922
20.9811240333135
54.5193510315588
19.2228500949
7.63294103121241
2.96464412023936
3.48573208169679
7.06448664322047
19.706112015386
13.0675676405059
26.3790849588899
15.1238278476128
21.1678086428697
42.1364519937657
33.1822316940988
14.9423309108847
5.86915147676999
7.48700296192971
16.2198139760583
13.6661453757882
25.1410067204685
22.5147013047427
19.5222743529091
18.4172118616599
18.5660920491241
21.5802286216192
19.1571305303082
15.1353494568561
18.1454737568258
15.9090042144453
7.88249724368159
5.09422770919531
11.484080399458
12.4954459045192
14.9489819021251
25.450896720765
38.0120723557478
49.8895183704331
22.0849682415256
24.3449857408564
8.97167927199979
2.21060702817418
16.3618050526893
6.22991580392765
12.3179981949201
10.0581960262918
19.7683985434432
14.6699062063464
23.6777400810033
29.8160767754644
18.6448425401771
8.47396761107511
16.3980106890812
18.7183891225061
45.6529003219329
19.2779833190123
7.8905023464185
12.8363977853889
15.2143188948243
32.4151352475611
31.7917911354072
35.810894315722
19.5104383316319
7.24901172408721
4.28646342127282
4.47337929762875
1.98061662168886
8.53869768926964
11.2618120022967
27.7822479944624
13.3173754932342
21.2438469065703
15.9159940653604
15.0741990523288
20.6987924841556
9.40818353948237
10.1433809839031
4.53626214705257
4.13948885124515
10.0959862261215
12.3750925196352
18.3934681422171
18.3030448744395
15.4297688835309
26.4884436688609
31.243319758339
26.9242214220857
21.0285532585746
10.3499006788401
11.598983246129
6.22117206110109
2.53428946954093
3.93460459830912
10.9753221958037
28.3947200536494
16.1159343591945
15.7606395364517
47.3560960122127
22.5652986259051
13.0177211957923
8.89983255035721
2.73782344975041
2.96186147917241
6.2647894411833
40.1971049234924
19.8522996115476
34.4067050645738
31.6439983338291
27.481768656988
50.5145700499584
72.9227840799676
36.4550229969424
10.3359321247886
5.51224728990835
5.81262299668699
3.3091511898089
10.1616874313065
16.9099418631052
29.1690462838784
23.6478475355435
23.5385773932132
25.4875488061589
42.0486217303561
15.169568799568
11.2910832314246
13.9665908789425
12.900594704462
9.2583025924731
11.9139312785805
23.0644916720138
15.9281292937854
22.2788592669443
19.3332540384951
33.4730722274876
28.2594155840096
47.0099786422986
9.4140913699743
8.66555971713708
10.6179456861245
12.9918807810928
10.7029271433819
16.5793077615778
50.4812247801747
22.286790249733
16.4536449508172
31.4682689406748
32.0605557367997
23.2787031956325
9.643717055505
6.11740914678972
5.5088143685518
9.83735529529744
8.59915618842841
6.59310407928644
12.419182470911
20.6354151043747
21.9164717066743
37.7096519885954
41.2188628102927
21.6598459179851
8.16063375599231
9.132720843773
3.11525217567627
3.30468092866034
5.89464013715892
8.48976157464447
12.1095907689328
20.5060510050235
34.1094342460619
35.1488830025039
38.4301651586557
19.5296065805257
9.88597383860388
3.26573111965029
3.04425867971027
6.96068645007135
5.65832724075115
5.2015021466151
18.0760267728671
18.2040447856203
18.1778505870842
59.0810692588654
43.1561319244631
13.5413585870462
5.76362530041214
3.31459971686219
6.67394019981341
2.68899758048726
9.1971588059087
15.3648558901728
17.3642591237014
15.6809403362378
19.5519494787712
45.159616931318
31.7939330148266
31.6181512209882
12.3195414075517
13.5041027104618
4.19146083406551
2.6716003145975
7.3360958596702
7.0326810701061
12.8661570345774
