YEAR MONTH PRCP TMAX TMIN TAVG ET DIF
1949 1 128.4 2.81 -5.99 -1.59 17.28 8.8
1949 2 77.72 3.23 -8.53 -2.65 21.96 11.75
1949 3 41.06 7.48 -4.74 1.37 43.68 12.22
1949 4 98.35 14.99 1.2 8.1 82.86 13.79
1949 5 97.46 21.28 6 13.64 133.32 15.28
1949 6 43.58 28 12.82 20.41 172.88 15.18
1949 7 80.49 29.71 15.92 22.82 182.92 13.79
1949 8 91.07 28.1 13.47 20.79 165.85 14.63
1949 9 94.57 20.91 7.97 14.44 106 12.94
1949 10 71.05 19.48 4.99 12.23 82.34 14.49
1949 11 46.86 8.3 -2.39 2.96 33.06 10.68
1949 12 64.32 3.22 -7.7 -2.24 19.26 10.92
1950 1 127.38 2.66 -6.7 -2.02 17.35 9.36
1950 2 107.08 -0.46 -10.53 -5.49 16.51 10.07
1950 3 83.89 3.77 -8.34 -2.29 35.21 12.12
1950 4 93.02 12.05 -0.34 5.86 71.72 12.38
1950 5 97.41 19.71 6.05 12.88 123.02 13.66
1950 6 84.65 25.55 10.43 17.99 161.61 15.12
1950 7 70.58 27.19 13.21 20.2 172.3 13.98
1950 8 79.77 25.77 12.66 19.21 150.58 13.11
1950 9 47.82 20.12 7.53 13.83 102.58 12.59
1950 10 56.48 17.94 3.92 10.93 77.48 14.02
1950 11 167.05 10.47 -0.49 4.99 36.75 10.95
1950 12 133.32 2.37 -7.27 -2.45 17.85 9.64
1951 1 91.83 1.55 -8.78 -3.62 16.38 10.33
1951 2 114.58 2.93 -7.72 -2.39 22.01 10.64
1951 3 151.09 6.27 -3.23 1.52 39.26 9.49
1951 4 94.87 13.99 1.58 7.78 78.29 12.4
1951 5 80.76 21.5 5.87 13.69 135.7 15.63
1951 6 109.04 24 11.17 17.58 147.44 12.84
1951 7 74.89 27.35 14.28 20.82 169.13 13.07
1951 8 105.9 25.33 12.58 18.96 146.84 12.74
1951 9 88.33 22.03 8.43 15.23 110.48 13.6
1951 10 138.16 17.18 4.77 10.97 72.24 12.42
1951 11 141.94 6.53 -4.28 1.13 29.97 10.81
1951 12 135.24 2.38 -8.46 -3.04 18.07 10.84
1952 1 114.68 1.52 -8.08 -3.28 16.16 9.6
1952 2 73.47 2.42 -8.21 -2.89 20.54 10.62
1952 3 86.47 5.42 -4.57 0.43 37.57 9.99
1952 4 111.29 15.33 2.84 9.08 81.86 12.49
1952 5 142.96 18.56 4.96 11.76 118.25 13.6
1952 6 122.67 26.08 12.24 19.16 159.65 13.84
1952 7 101.69 29.44 15.11 22.28 183.95 14.33
1952 8 99.42 26.27 12.48 19.37 155.12 13.79
1952 9 110.7 23.11 8.75 15.93 116.82 14.36
1952 10 39.22 15.4 0.95 8.17 71.1 14.45
1952 11 63.19 8.54 -1.41 3.56 32.84 9.95
1952 12 115.68 3.42 -5.81 -1.19 18.89 9.23
1953 1 166.86 2.32 -7.36 -2.52 17.08 9.68
1953 2 70.42 3.49 -6.81 -1.66 21.9 10.3
1953 3 228.42 6.65 -3.2 1.73 39.96 9.85
1953 4 145.49 12.63 2.27 7.45 70.02 10.36
1953 5 143.41 20.61 7.87 14.24 124.04 12.74
1953 6 63.84 27.19 10.78 18.98 173.01 16.41
1953 7 46.42 27.87 13.56 20.71 176.66 14.31
1953 8 57.29 27.12 11.74 19.43 164.05 15.37
1953 9 51.49 23.57 8.19 15.88 120.75 15.39
1953 10 123.9 18.02 2.82 10.42 79.22 15.19
1953 11 60.34 11.45 -1.75 4.85 40.1 13.2
1953 12 115.72 5.27 -5.19 0.04 21.61 10.46
1954 1 68.39 -1.96 -12.05 -7.01 12.32 10.1
1954 2 55.65 4.35 -6.22 -0.93 23.18 10.57
1954 3 105.86 6.68 -4.53 1.08 41.21 11.21
1954 4 106.85 14.24 1.29 7.77 79.26 12.95
1954 5 146.62 17.75 5.86 11.8 110.73 11.89
1954 6 81.46 24.32 11.65 17.99 147.88 12.66
1954 7 79.27 26.38 13.18 19.78 165.53 13.2
1954 8 122.78 24.32 11.68 18 143.07 12.65
1954 9 185 19.72 8.71 14.22 97.09 11.01
1954 10 63.9 18.25 5.25 11.75 76.74 13
1954 11 159.97 8.42 -1.8 3.31 32.89 10.22
1954 12 107.13 1.55 -6.82 -2.63 16.43 8.37
1955 1 21.56 -0.82 -9.96 -5.39 13.48 9.14
1955 2 92.75 1.48 -8.86 -3.69 19.86 10.33
1955 3 108.09 4.78 -4.42 0.18 35.96 9.2
1955 4 131.61 13.6 2.26 7.93 75.28 11.34
1955 5 61.06 22.76 7.33 15.04 140.6 15.43
1955 6 91.71 23.77 11.39 17.58 144.81 12.38
1955 7 52.69 30.03 15.88 22.95 185.65 14.15
1955 8 357.3 27.93 15.17 21.55 157.32 12.76
1955 9 87.9 21.57 7.78 14.68 109.42 13.79
1955 10 345.24 15.62 3.9 9.76 67.21 11.71
1955 11 125.86 6.6 -1.69 2.46 28.08 8.28
1955 12 24.91 -1.76 -11.19 -6.48 12.93 9.43
1956 1 65.51 0.04 -7.36 -3.66 13.82 7.4
1956 2 102.41 1.11 -7.98 -3.44 18.31 9.09
1956 3 127.18 2.2 -7.64 -2.72 30.85 9.85
1956 4 102.14 9.75 -1.27 4.24 63.05 11.02
1956 5 47.76 17.82 3.07 10.44 117.67 14.75
1956 6 56.87 25.49 11.4 18.45 157.99 14.09
1956 7 94.49 25.12 12.79 18.95 156.5 12.33
1956 8 49.26 26.03 12.14 19.09 154.52 13.9
1956 9 168.82 18.96 6.74 12.85 97.91 12.22
1956 10 48.74 16.43 0.99 8.71 75 15.44
1956 11 82.03 9.22 -2.72 3.25 35.45 11.94
1956 12 125.61 2.64 -5.9 -1.63 17.7 8.55
1957 1 41.94 -2.6 -15.23 -8.91 11.35 12.63
1957 2 31.85 3.22 -7.88 -2.33 21.79 11.1
1957 3 40.03 6.99 -4.25 1.37 41.89 11.23
1957 4 65.29 15.08 1.56 8.32 82.74 13.52
1957 5 103.38 20.17 5.69 12.93 126.83 14.47
1957 6 89.75 27.14 12.99 20.06 165.34 14.14
1957 7 46.08 27.35 12.86 20.1 174.92 14.49
1957 8 41.34 25.41 10.01 17.71 156.59 15.4
1957 9 43.68 22.93 8.04 15.48 117.4 14.89
1957 10 53.33 15.52 1.9 8.71 70.44 13.61
1957 11 133.59 9.83 -0.77 4.53 35.42 10.6
1957 12 154.2 4.76 -4.01 0.37 20.16 8.77
1958 1 136.15 -0.75 -9.77 -5.26 13.53 9.02
1958 2 79.27 -2.75 -12.59 -7.67 13.44 9.84
1958 3 65.63 5.5 -2.16 1.67 35.15 7.67
1958 4 119.46 13.53 1.62 7.57 75.44 11.91
1958 5 70.89 17.05 4.68 10.86 109.35 12.37
1958 6 43.2 21.73 8.85 15.29 137.89 12.88
1958 7 126.64 25.78 14.85 20.31 152.81 10.93
1958 8 96.99 25.73 12.65 19.19 150.29 13.07
1958 9 118.9 21.08 8.57 14.83 105.48 12.51
1958 10 85.89 14.23 1.9 8.06 65.4 12.33
1958 11 99.82 8.08 -1.09 3.49 31.42 9.17
1958 12 45.95 -2.53 -12.91 -7.72 12.16 10.38
1959 1 99.26 -1.12 -11.45 -6.28 13.3 10.33
1959 2 58.43 -0.57 -12.9 -6.74 17.02 12.34
1959 3 110.15 5.31 -5.97 -0.33 38.71 11.28
1959 4 95.74 13.96 1.25 7.61 78.7 12.71
1959 5 28.65 21.85 7.09 14.47 135.13 14.76
1959 6 95.17 22.83 12 17.42 134.79 10.83
1959 7 126.75 27.21 15.31 21.26 163.25 11.91
1959 8 132.9 26.96 14.68 20.82 151.51 12.29
1959 9 38.72 23.76 10.29 17.02 115.93 13.47
1959 10 226.98 15.2 4.63 9.91 64.18 10.56
1959 11 125 7.72 -1.74 2.99 30.8 9.46
1959 12 110.74 2.15 -5.56 -1.71 16.63 7.71
1960 1 76.13 -0.11 -9.87 -4.99 14.38 9.76
1960 2 118.03 2.32 -6.73 -2.21 19.83 9.05
1960 3 72.98 1.34 -8.51 -3.59 29.09 9.85
1960 4 119.63 13.98 2.12 8.05 76.71 11.86
1960 5 95.72 20.39 7.68 14.04 123.16 12.72
1960 6 88.94 24.02 11.11 17.57 147.54 12.91
1960 7 158.41 25.62 12.7 19.16 161.06 12.92
1960 8 75.75 25.46 13.36 19.41 145.48 12.1
1960 9 199.04 21.44 8.94 15.19 106.58 12.5
1960 10 74.65 15.17 1.85 8.51 69.14 13.32
1960 11 57.64 10.05 -1.12 4.46 36.25 11.16
1960 12 76.53 -0.75 -13.66 -7.2 14.26 12.91
1961 1 71.12 -3.54 -18.16 -10.85 9.55 14.61
1961 2 82.88 1.83 -12.18 -5.17 19.98 14.01
1961 3 85.95 5.06 -5.42 -0.18 37.19 10.48
1961 4 147.56 9.92 0.23 5.07 61.35 9.69
1961 5 83.52 17.14 4.92 11.03 109.31 12.22
1961 6 92.35 24.59 11.09 17.84 152.06 13.5
1961 7 86.83 26.58 14 20.29 163.78 12.58
1961 8 62.18 25.63 13.15 19.39 147.63 12.48
1961 9 57.11 25.57 11.86 18.72 123.59 13.71
1961 10 50.91 17.35 3.71 10.53 75.34 13.64
1961 11 99.32 8.28 -1.29 3.5 32.09 9.56
1961 12 75.95 1.01 -8.1 -3.55 16.11 9.11
1962 1 78.45 -0.27 -12.25 -6.26 14.35 11.97
1962 2 111.79 -1.36 -13.21 -7.28 15.31 11.85
1962 3 58.45 6.03 -5.42 0.3 39.93 11.44
1962 4 75.6 13.7 -0.29 6.7 78.98 13.99
1962 5 64.24 19.41 5.19 12.3 123.13 14.22
1962 6 44.92 24.95 11.12 18.04 154.76 13.83
1962 7 44.57 25.71 11.56 18.64 166.2 14.15
1962 8 82.79 24.92 12.05 18.48 146.27 12.87
1962 9 109.46 20.41 6.16 13.28 107.26 14.25
1962 10 121.32 14.46 2.17 8.31 65.93 12.29
1962 11 66.69 7.01 -4.46 1.27 31.47 11.47
1962 12 99.49 -0.24 -12.72 -6.48 14.97 12.48
1963 1 76.19 -1.27 -13.28 -7.27 13.1 12.01
1963 2 70.59 -1.72 -16.42 -9.07 14.66 14.7
1963 3 84.7 5.74 -6.02 -0.14 39.95 11.77
1963 4 51.73 13.33 -1.42 5.96 79.27 14.75
1963 5 58.77 19.84 4.67 12.26 127.62 15.17
1963 6 97.04 24.82 11.31 18.06 153.28 13.5
1963 7 43.55 27.48 14.61 21.05 168.81 12.87
1963 8 70.47 24.53 10.85 17.69 146.93 13.68
1963 9 87.3 20.38 5.56 12.97 107.44 14.82
1963 10 17.63 20.57 2.95 11.76 88.42 17.62
1963 11 159.59 10.04 1.41 5.72 33.28 8.63
1963 12 72.34 -2.41 -12.1 -7.26 12.21 9.69
1964 1 139.15 0.92 -10.79 -4.94 15.81 11.71
1964 2 64.48 0.63 -12.85 -6.11 18.15 13.48
1964 3 76.41 6.48 -4.78 0.85 40.79 11.26
1964 4 77.85 12.07 -0.56 5.76 72.15 12.64
1964 5 30.83 22.55 6.99 14.77 139.36 15.56
1964 6 43.03 24.39 10.85 17.62 151.34 13.54
1964 7 83.71 27.26 15.67 21.46 162.09 11.59
1964 8 86.48 23.48 10.57 17.02 140.59 12.91
1964 9 25.8 21.9 8.16 15.03 111.2 13.74
1964 10 37.55 15.85 1.87 8.86 71.8 13.98
1964 11 63.44 10.67 -1.28 4.7 37.9 11.95
1964 12 97.71 0.66 -8.4 -3.87 15.69 9.05
1965 1 57.97 -1.82 -13.47 -7.64 12.46 11.66
1965 2 73.23 -0.36 -11.74 -6.05 16.76 11.38
1965 3 45.32 4.51 -5.31 -0.4 35.55 9.82
1965 4 60.78 11.1 -1.02 5.04 68.51 12.12
1965 5 39.04 23.3 6.08 14.69 146.26 17.22
1965 6 57.77 24.72 9.34 17.03 158.62 15.38
1965 7 85.62 26.52 11.54 19.03 172.86 14.98
1965 8 96.57 26.24 13.11 19.68 152.64 13.14
1965 9 103.31 21.33 9.71 15.52 103.84 11.63
1965 10 76.71 15.19 1.37 8.28 69.81 13.82
1965 11 60.7 7.62 -3.29 2.16 32.12 10.91
1965 12 59.5 2.74 -6.35 -1.8 18.06 9.09
1966 1 73.65 -0.38 -11.02 -5.7 14.18 10.64
1966 2 90.52 1.11 -10.92 -4.9 18.91 12.04
1966 3 57.16 6.08 -4.4 0.84 39.35 10.49
1966 4 33.42 11.44 -1.24 5.1 70.28 12.69
1966 5 57.03 17.51 4.09 10.8 113.66 13.42
1966 6 61.3 25.43 11.04 18.23 158.69 14.38
1966 7 142.72 28.82 12.99 20.91 186.77 15.84
1966 8 33.98 27.04 12.08 19.56 162.4 14.96
1966 9 149.5 21.41 6.96 14.18 111.1 14.45
1966 10 104.93 16.2 1.46 8.83 73.61 14.74
1966 11 98.1 11.4 -0.55 5.42 39.11 11.95
1966 12 65.76 1.99 -8.11 -3.06 17.54 10.09
1967 1 37.08 2.62 -8.13 -2.75 17.72 10.75
1967 2 77.52 -0.08 -13.14 -6.61 17.71 13.06
1967 3 80.07 4.17 -8.19 -2.01 36.61 12.36
1967 4 123.21 12.17 -0.43 5.87 73 12.6
1967 5 137.1 16.19 2.46 9.33 109.55 13.73
1967 6 110.57 26.82 12.58 19.7 164.6 14.24
1967 7 122.07 26.9 15.27 21.08 160.59 11.63
1967 8 67.57 26.04 13.68 19.86 148.24 12.37
1967 9 56.95 22.65 7.78 15.22 115.51 14.87
1967 10 95.16 16.27 3.07 9.67 71.12 13.2
1967 11 69.1 5.93 -3.62 1.16 28.2 9.54
1967 12 133.52 3.07 -7.08 -2 18.72 10.15
1968 1 48.38 -2.04 -14.2 -8.12 12.13 12.16
1968 2 30.79 -0.79 -12.37 -6.58 16.15 11.58
1968 3 109.63 7.58 -3.84 1.87 43.35 11.42
1968 4 72.94 17.67 1.23 9.45 95.21 16.45
1968 5 116.31 19.46 4.85 12.15 124.19 14.61
1968 6 196.71 23.31 11.33 17.32 141.13 11.98
1968 7 25.12 28.55 14.15 21.35 180.15 14.4
1968 8 44.73 26.79 11.85 19.32 161.18 14.93
1968 9 104.23 23.97 9.26 16.61 120.64 14.71
1968 10 84.29 17.69 4.39 11.04 75.74 13.3
1968 11 154.27 7.02 -2.27 2.38 29.96 9.29
1968 12 144.11 -0.09 -9.48 -4.79 14.93 9.39
1969 1 47.72 -0.77 -11.43 -6.1 13.72 10.66
1969 2 63.79 1.14 -9.01 -3.93 18.68 10.15
1969 3 62.7 5.04 -6.12 -0.54 37.59 11.16
1969 4 142.25 15.92 1.53 8.73 86.7 14.39
1969 5 64.79 20.3 5.38 12.84 128.39 14.92
1969 6 98.26 25.42 11.57 18.5 156.88 13.86
1969 7 151.84 25.68 13.85 19.77 156.68 11.83
1969 8 104.09 27.6 13.83 20.71 160.64 13.78
1969 9 109.24 22.48 9.91 16.2 110.19 12.58
1969 10 48.69 16.7 1.94 9.32 75.05 14.76
1969 11 176.64 8.56 -1 3.78 32.51 9.56
1969 12 167.75 0.08 -9.13 -4.52 15.09 9.22
1970 1 19.64 -3.77 -17.31 -10.54 9.6 13.54
1970 2 114.15 2.15 -11.25 -4.55 20.51 13.4
1970 3 79.61 4.88 -5.85 -0.48 36.99 10.73
1970 4 109.64 13.49 -0.1 6.7 77.8 13.59
1970 5 114.54 21.46 7.53 14.49 130.75 13.93
1970 6 90.67 24.46 11.18 17.82 150.7 13.27
1970 7 54.59 27.72 14.52 21.12 171.47 13.2
1970 8 110.85 28.03 13.1 20.57 166.59 14.93
1970 9 73.18 22.58 9.29 15.94 112.39 13.29
1970 10 68.03 16.88 4.35 10.61 72.41 12.52
1970 11 88.71 9.32 -0.49 4.41 33.9 9.81
1970 12 102.3 0.16 -10.11 -4.98 15.39 10.27
1971 1 57.31 -2.25 -16.22 -9.23 11.51 13.97
1971 2 99.42 1.13 -9.78 -4.32 19.49 10.91
1971 3 88.93 4.65 -5.97 -0.66 36.85 10.62
1971 4 44.35 12.1 -1.5 5.3 74.01 13.6
1971 5 102.8 19.13 5.04 12.09 122.27 14.09
1971 6 61.93 26.66 10.79 18.72 169.25 15.87
1971 7 86.64 27.78 12.36 20.07 180.09 15.42
1971 8 182.82 26.53 12.06 19.29 157.95 14.47
1971 9 82.7 23.19 11.49 17.34 109.03 11.7
1971 10 82.51 19.72 5.83 12.77 81.17 13.88
1971 11 119.37 7.28 -2.7 2.29 30.55 9.97
1971 12 92.74 3.44 -6.87 -1.72 19.22 10.32
1972 1 52.61 1.56 -10.18 -4.31 16.61 11.74
1972 2 121.79 0 -12.32 -6.16 17.27 12.32
1972 3 120.27 4.39 -6.05 -0.83 35.75 10.44
1972 4 104.24 10.76 -2.58 4.09 68.87 13.34
1972 5 177.03 20.2 6.46 13.33 125.13 13.73
1972 6 229.26 22.45 11.82 17.14 132.22 10.62
1972 7 75.64 27.39 14.75 21.07 167.54 12.64
1972 8 70.52 25.81 12.24 19.02 152.43 13.57
1972 9 46.71 23.02 8.37 15.69 117.15 14.64
1972 10 79.9 13.66 0.54 7.1 64.94 13.12
1972 11 215.46 6.04 -3.02 1.51 28.31 9.05
1972 12 155.76 1.92 -6.38 -2.23 16.8 8.3
1973 1 88.13 2.05 -9.29 -3.62 17.16 11.34
1973 2 65.39 1.09 -11.14 -5.02 18.89 12.23
1973 3 94.45 9.65 -1.54 4.05 47.66 11.19
1973 4 157.35 14.42 1.96 8.19 79.05 12.46
1973 5 149.47 18.22 6.06 12.14 113.26 12.16
1973 6 147.94 25.78 13.27 19.52 153.29 12.51
1973 7 83.23 27.84 14.93 21.39 170.71 12.91
1973 8 103.14 28.41 15.39 21.9 160.98 13.02
1973 9 47.79 22.84 7.79 15.31 117.43 15.06
1973 10 84.31 17.34 1.89 9.61 77.58 15.44
1973 11 61.09 9.22 -1.22 4 34.31 10.44
1973 12 233.95 4.36 -6.37 -1 20.6 10.73
1974 1 83.52 1.68 -9.67 -3.99 16.72 11.35
1974 2 65.65 1.16 -12 -5.42 18.98 13.16
1974 3 122.06 6.16 -5.43 0.37 40.32 11.59
1974 4 91.17 15.51 0.98 8.24 85.54 14.53
1974 5 116.36 18.62 4.94 11.78 118.65 13.67
1974 6 86.89 24.62 10.98 17.8 152.68 13.64
1974 7 96.65 27.44 13.66 20.55 172.59 13.78
1974 8 92.59 26.76 12.66 19.71 158.31 14.1
1974 9 181.77 21.42 8.88 15.15 106.62 12.53
1974 10 51.71 13.96 -0.67 6.64 67.35 14.64
1974 11 90.25 10.04 -1.32 4.36 36.39 11.36
1974 12 95.04 3.21 -6.21 -1.5 18.73 9.42
1975 1 122.57 2.28 -9.36 -3.54 17.48 11.64
1975 2 87.44 1.85 -10.02 -4.09 20.69 11.88
1975 3 105.38 5.14 -5.94 -0.4 38.19 11.08
1975 4 67.34 11.07 -1.98 4.54 70.13 13.05
1975 5 79.44 23.5 8 15.75 144 15.51
1975 6 140.4 24.25 11.96 18.1 146.38 12.29
1975 7 217.01 28.28 15.43 21.85 172.12 12.84
1975 8 178.31 26.31 13.44 19.88 151.32 12.88
1975 9 209.09 20 7.86 13.93 100.27 12.14
1975 10 123.62 17.3 4.28 10.79 73.49 13.02
1975 11 131.24 12.32 0.48 6.4 40.1 11.84
1975 12 114.85 1.96 -8.61 -3.32 17.51 10.57
1976 1 130.01 -2.44 -15.05 -8.74 11.55 12.61
1976 2 77.79 5.24 -8.14 -1.45 25.28 13.38
1976 3 74.51 8.52 -5.34 1.59 47.07 13.86
1976 4 86.52 16.26 2.28 9.27 87.2 13.98
1976 5 120.74 19.76 5.38 12.57 124.91 14.38
1976 6 84.12 27.47 14.01 20.74 164.21 13.46
1976 7 74.01 26.49 13.29 19.89 166.02 13.2
1976 8 170.62 26.31 12.89 19.6 153.98 13.42
1976 9 69.3 21.83 7.53 14.68 112.25 14.3
1976 10 123.13 13.71 1.62 7.67 63.78 12.09
1976 11 23.37 6.86 -3.66 1.6 30.66 10.52
1976 12 62.63 -0.5 -12.25 -6.38 14.66 11.75
1977 1 62.66 -3.6 -16.26 -9.93 10.06 12.66
1977 2 62.6 0.67 -10.4 -4.86 18.2 11.07
1977 3 155.69 9.83 -2.1 3.87 48.8 11.93
1977 4 119.22 15.3 0.57 7.93 85.1 14.73
1977 5 88.44 23.16 6.08 14.62 145.33 17.08
1977 6 87.05 23.43 11.14 17.28 142.83 12.29
1977 7 113.91 27.52 13.77 20.64 172.84 13.75
1977 8 136.12 26.35 13.95 20.15 150.12 12.39
1977 9 210.88 21.27 10.02 15.64 102.55 11.26
1977 10 160.12 15.88 3.35 9.62 69.9 12.54
1977 11 146.99 9.94 0.86 5.4 34.06 9.08
1977 12 129.87 0.55 -9.13 -4.29 15.75 9.69
1978 1 218.46 -1.02 -11.25 -6.14 13.4 10.22
1978 2 25.78 -1.54 -14.34 -7.94 14.92 12.81
1978 3 69.66 4.9 -7.3 -1.2 37.81 12.21
1978 4 38.86 12.59 -0.12 6.23 73.82 12.71
1978 5 103.57 20.64 7.13 13.88 126.31 13.51
1978 6 96.82 25.7 10.84 18.27 161.42 14.86
1978 7 51.4 27.55 13.1 20.33 175.69 14.44
1978 8 143.51 26.42 14.53 20.48 148.28 11.88
1978 9 26.35 21.89 6.66 14.28 114.4 15.23
1978 10 61.13 16.2 1.57 8.88 73.52 14.64
1978 11 57.97 10.29 -2.44 3.92 37.77 12.73
1978 12 116.02 2.72 -8.13 -2.71 18.62 10.85
1979 1 275.01 -0.8 -10.04 -5.42 13.52 9.24
1979 2 62.22 -4.58 -14.32 -9.45 11.41 9.74
1979 3 96.93 8.43 -2.63 2.9 45.39 11.05
1979 4 136.21 12.43 0.88 6.65 72.2 11.55
1979 5 164.47 20.69 8.79 14.74 122.32 11.89
1979 6 36.86 24.95 10.53 17.74 157 14.42
1979 7 119.34 27.97 14.97 21.47 171.47 13
1979 8 133.12 25.78 13.5 19.64 146.82 12.28
1979 9 125.82 21.81 7.49 14.65 111.38 14.31
1979 10 144.04 14.2 3.63 8.92 61.89 10.57
1979 11 98.63 11.67 0.33 6 38.59 11.34
1979 12 65.6 3.79 -6.01 -1.11 19.44 9.8
1980 1 26.85 0.55 -9.3 -4.37 15.15 9.85
1980 2 28.11 -0.88 -12.75 -6.81 16 11.86
1980 3 197.06 4.61 -5.77 -0.58 36.17 10.38
1980 4 132.46 13.36 1.89 7.62 74.22 11.48
1980 5 43.62 21.25 6.58 13.92 131.75 14.66
1980 6 105.95 23.57 9.27 16.42 150.29 14.31
1980 7 62.77 27.72 14.42 21.07 171.88 13.3
1980 8 47.69 26.53 14.09 20.31 151.02 12.44
1980 9 47.55 22.98 8.39 15.69 116.92 14.59
1980 10 79.81 14.71 0.78 7.74 68.65 13.93
1980 11 88.88 7.51 -4.31 1.6 32.49 11.82
1980 12 30.46 1.04 -12.67 -5.81 16.62 13.71
1981 1 13.06 -2.85 -16.15 -9.5 10.88 13.3
1981 2 257.13 6.08 -6.3 -0.11 26.31 12.37
1981 3 10.77 6.77 -4.78 1 41.65 11.55
1981 4 86.8 16.08 1.68 8.88 87.24 14.4
1981 5 73.91 21.66 6.74 14.2 134.06 14.92
1981 6 73.64 25.49 11.73 18.61 156.81 13.76
1981 7 91.1 28.43 14.86 21.64 176.18 13.57
1981 8 41.51 26.77 11.65 19.21 161.76 15.13
1981 9 82.93 20.82 8.53 14.68 104.04 12.29
1981 10 145.09 14.39 0.96 7.67 67.25 13.44
1981 11 45.82 9.39 -1.83 3.78 35.22 11.21
1981 12 142.11 1.32 -8.1 -3.39 16.56 9.42
1982 1 131.78 -4.12 -16.59 -10.35 9.45 12.47
1982 2 80.42 1.26 -10.84 -4.79 19.13 12.1
1982 3 81.19 6.07 -6.73 -0.33 40.74 12.79
1982 4 108.9 12.62 -1.4 5.61 75.53 14.02
1982 5 68.31 22.36 6.83 14.59 138.48 15.53
1982 6 234.93 22.76 10.54 16.65 139.83 12.22
1982 7 97.1 28.47 13.2 20.83 183.04 15.27
1982 8 50.73 25.33 11.27 18.3 152.09 14.06
1982 9 64.49 22.39 8.71 15.55 112.74 13.68
1982 10 49.94 16.88 1.04 8.96 76.7 15.84
1982 11 81.81 11.43 -0.5 5.46 39.15 11.93
1982 12 46.68 6.31 -4.72 0.8 23.13 11.03
1983 1 138.19 0.98 -9.7 -4.36 15.79 10.68
1983 2 97.81 3.14 -9.11 -2.99 22.71 12.25
1983 3 170.77 5.75 -2.65 1.55 37 8.4
1983 4 262.84 12.36 1.18 6.77 71.39 11.18
1983 5 150.37 17.38 5.92 11.65 108.68 11.46
1983 6 84.95 25.51 11.28 18.4 158.81 14.23
1983 7 69.03 27.43 13.32 20.37 173.66 14.11
1983 8 85.42 26.4 13.57 19.99 151.5 12.83
1983 9 54.05 23.83 8.7 16.27 120.2 15.12
1983 10 114.58 15.25 2.45 8.85 67.94 12.8
1983 11 178.12 8.39 -1.2 3.6 31.91 9.59
1983 12 175.49 -0.37 -9.13 -4.75 14.37 8.76
1984 1 56.01 -2.04 -13.23 -7.64 12.22 11.2
1984 2 192.38 4.36 -5.56 -0.6 22.9 9.92
1984 3 116.67 2.28 -7.43 -2.57 30.94 9.71
1984 4 138.61 12.41 1.02 6.72 71.27 11.38
1984 5 302.98 17.81 4.91 11.36 113.58 12.9
1984 6 54.18 25.31 11.65 18.48 155.67 13.66
1984 7 110.37 25.81 13.86 19.83 157.72 11.95
1984 8 41.43 27.32 14.4 20.86 156.11 12.91
1984 9 31.35 21.98 6.04 14.01 116.1 15.95
1984 10 80.77 18.64 4.51 11.57 79.53 14.14
1984 11 93.27 9.72 -2.58 3.57 36.52 12.3
1984 12 86.66 5.81 -4.99 0.41 22.41 10.8
1985 1 35.28 -2.03 -13 -7.52 12.24 10.97
1985 2 51.66 3.21 -9.98 -3.39 22.14 13.19
1985 3 86.47 9.75 -4.53 2.61 50.28 14.28
1985 4 26.7 15.55 1.06 8.31 85.64 14.5
1985 5 102.49 22.53 7.15 14.84 138.85 15.38
1985 6 78.13 22.11 9.83 15.97 137.43 12.28
1985 7 100.89 27.78 13.47 20.62 176.26 14.31
1985 8 112.18 25.95 12.72 19.34 151.78 13.23
1985 9 132.34 22.88 9.56 16.22 113.48 13.32
1985 10 71.79 16.94 2.89 9.91 74.8 14.05
1985 11 165.75 9.71 -0.02 4.85 34.43 9.73
1985 12 53.26 0.17 -9.48 -4.65 15.3 9.65
1986 1 146.2 1.56 -10.28 -4.36 16.62 11.84
1986 2 84.93 0.09 -10.74 -5.33 17.36 10.83
1986 3 94.16 8.75 -4.9 1.92 47.51 13.65
1986 4 38.75 16.74 1.98 9.36 89.92 14.76
1986 5 78.72 22.4 7.75 15.07 136.49 14.65
1986 6 129.98 24.09 10.14 17.11 151.4 13.95
1986 7 202.85 26.63 14.11 20.37 163.79 12.52
1986 8 54 25.06 12.09 18.57 147.17 12.96
1986 9 44.49 20.9 8.19 14.54 105.39 12.71
1986 10 69.58 17.05 2.44 9.74 75.83 14.62
1986 11 145.19 7.95 -3.92 2.01 33.27 11.87
1986 12 161.65 3.22 -5.41 -1.1 18.37 8.63
1987 1 114.54 0.53 -11.77 -5.62 15.34 12.29
1987 2 14.03 2.29 -11.67 -4.69 21.45 13.96
1987 3 108.86 8.85 -3.85 2.5 47.71 12.7
1987 4 187.29 15.07 2.57 8.82 81.75 12.5
1987 5 37.77 21.67 6.63 14.15 135.04 15.04
1987 6 90.94 25.64 12.58 19.11 155.17 13.06
1987 7 72.3 28.39 14.96 21.67 175.2 13.43
1987 8 109.3 25.92 11.54 18.73 155.02 14.38
1987 9 207.4 21.35 9.58 15.47 103.52 11.77
1987 10 121.02 15.68 1.01 8.34 71.33 14.67
1987 11 79.65 10.16 -2.38 3.89 36.98 12.54
1987 12 48.18 3.84 -5.73 -0.95 19.4 9.57
1988 1 65.05 0.01 -13.1 -6.55 14.64 13.12
1988 2 97.53 2.13 -10.6 -4.23 20.47 12.73
1988 3 56.84 7.9 -5.78 1.06 45.49 13.69
1988 4 82.41 12.55 1.29 6.92 71.47 11.26
1988 5 97.67 20.99 7.14 14.06 128.61 13.84
1988 6 34.87 25.56 9.94 17.75 163.15 15.62
1988 7 194.26 28.88 15.71 22.29 176.45 13.17
1988 8 120.01 28.29 14.9 21.6 162.01 13.39
1988 9 52.42 22.6 6.83 14.72 118 15.77
1988 10 76.33 13.6 0.56 7.08 64.7 13.04
1988 11 175.46 10.16 -1.83 4.17 37.06 11.99
1988 12 38.34 2.74 -9.32 -3.29 18.86 12.06
1989 1 34.29 3.36 -8.82 -2.73 18.89 12.18
1989 2 59.3 1.79 -9.31 -3.76 19.78 11.1
1989 3 74.34 7.9 -6.08 0.91 45.62 13.98
1989 4 101.05 12.25 -1.49 5.38 74.02 13.74
1989 5 220.75 20.98 7.53 14.26 127.52 13.45
1989 6 152.68 24.63 12.94 18.78 145.3 11.7
1989 7 99.25 27.47 14.25 20.86 170.46 13.22
1989 8 143.8 26.02 13.19 19.6 150.52 12.82
1989 9 134.97 22.79 10 16.39 111.75 12.79
1989 10 218.3 16.96 3.8 10.38 73.62 13.16
1989 11 78.59 8.95 -1.75 3.6 34.1 10.7
1989 12 28.62 -4.32 -15.16 -9.74 9.94 10.84
1990 1 104.15 4.33 -4.95 -0.31 19.14 9.27
1990 2 100.62 4.72 -7.47 -1.37 24.25 12.19
1990 3 87.7 9.66 -3.95 2.85 49.67 13.61
1990 4 119.22 14.01 1.65 7.83 77.66 12.36
1990 5 187.88 18.34 6.08 12.21 113.96 12.26
1990 6 54.67 25.41 12.17 18.79 154.6 13.24
1990 7 74.24 27.95 15.15 21.55 170.7 12.8
1990 8 244.52 26.74 14.8 20.77 149.73 11.93
1990 9 56.52 22.31 9.1 15.7 111.3 13.21
1990 10 172.42 18.59 5.86 12.23 77.17 12.74
1990 11 89.03 11.2 -1.02 5.09 38.99 12.22
1990 12 128.49 6.24 -4.46 0.89 22.89 10.69
1991 1 74.19 0.87 -9.83 -4.48 15.66 10.7
1991 2 47.57 4.91 -6.71 -0.9 25.22 11.62
1991 3 110.77 8.68 -2.34 3.17 45.91 11.02
1991 4 116.46 17.24 2.86 10.05 91.73 14.37
1991 5 98.27 23.83 9.1 16.46 143.3 14.72
1991 6 63.7 26.12 12.14 19.13 160.55 13.97
1991 7 37.49 27.17 13.82 20.49 169.46 13.35
1991 8 231.02 26.87 14.35 20.61 152.15 12.53
1991 9 195.67 21.85 8.01 14.93 110.49 13.84
1991 10 114.74 17.06 3.78 10.42 73.26 13.28
1991 11 116.12 8.74 -1.23 3.76 32.78 9.97
1991 12 93.47 3.86 -7.97 -2.06 20.15 11.84
1992 1 63.59 0.73 -10.22 -4.75 15.52 10.95
1992 2 52.42 2.06 -8.96 -3.45 20.13 11.01
1992 3 104.14 4.37 -6.48 -1.05 35.97 10.85
1992 4 77.96 10.99 -0.26 5.37 66.93 11.24
1992 5 102.72 20.42 5.07 12.74 129.8 15.35
1992 6 96.9 23.47 9.87 16.67 147.62 13.6
1992 7 119.71 24.82 12.67 18.74 154.46 12.15
1992 8 140.71 24.31 12.26 18.28 140.76 12.05
1992 9 69.09 21.5 8.62 15.06 107.82 12.89
1992 10 66.15 13.4 0.47 6.94 64.06 12.93
1992 11 119.08 6.93 -2.38 2.27 29.85 9.32
1992 12 109.21 2.33 -7.43 -2.55 17.84 9.76
1993 1 60.17 1.19 -8.39 -3.6 15.79 9.57
1993 2 75.8 -1.46 -13.67 -7.57 15.12 12.21
1993 3 181.55 4.59 -7.17 -1.29 36.92 11.76
1993 4 145.58 13.6 1.16 7.38 76.51 12.43
1993 5 42.96 21.1 6.99 14.05 129.77 14.11
1993 6 38.44 24.79 10.6 17.69 155.25 14.19
1993 7 72.74 28.15 13.24 20.7 180.19 14.9
1993 8 60.95 27.03 13.77 20.4 156.29 13.26
1993 9 107.4 20.49 8.75 14.62 101.52 11.74
1993 10 103.62 14.37 1.06 7.72 67.04 13.31
1993 11 107.9 9.21 -3.46 2.88 35.87 12.68
1993 12 109.74 2.16 -8.07 -2.96 17.78 10.23
1994 1 135.53 -4.19 -17.63 -10.91 9.07 13.44
1994 2 59.1 -1.58 -14.96 -8.27 14.74 13.38
1994 3 146.07 4.82 -6.36 -0.77 37.12 11.18
1994 4 102.91 14 -0.43 6.79 80.48 14.43
1994 5 107.01 19.04 4.52 11.78 122.24 14.52
1994 6 61.3 25.76 12.11 18.94 157.55 13.64
1994 7 129.7 28.7 15.29 22 176.73 13.41
1994 8 119.94 24.74 11.52 18.13 146.82 13.22
1994 9 118.16 20.67 7.06 13.87 106.74 13.6
1994 10 34.31 16.24 1.32 8.78 73.94 14.92
1994 11 91.62 11.11 -1.73 4.69 39.28 12.85
1994 12 136.24 4.83 -6.36 -0.77 21.34 11.19
1995 1 81.83 2.21 -6.28 -2.04 16.5 8.49
1995 2 79.1 0.18 -12.81 -6.32 18.13 13
1995 3 50.51 7.76 -3.15 2.3 43.79 10.91
1995 4 63.69 11.83 -1.67 5.08 73.03 13.5
1995 5 48.28 18.63 5.11 11.87 118.91 13.52
1995 6 67.77 26.09 10.98 18.53 164.25 15.11
1995 7 114.44 28.48 15.24 21.86 174.79 13.24
1995 8 85.88 27.44 11.78 19.61 165.66 15.66
1995 9 73.86 21.52 5.99 13.75 112.8 15.53
1995 10 299.9 18.08 2.66 10.37 78.8 15.41
1995 11 140.33 6.15 -3.75 1.2 28.8 9.91
1995 12 58.85 -0.5 -11.07 -5.79 14.53 10.57
1996 1 180.52 -0.09 -12.49 -6.29 14.57 12.4
1996 2 76.04 0.36 -11.35 -5.5 17.81 11.71
1996 3 59.08 5.04 -8.44 -1.7 38.55 13.48
1996 4 223.46 12.68 -0.23 6.22 74.36 12.91
1996 5 100.24 18.5 4.63 11.56 118.6 13.87
1996 6 143.26 24.7 11.91 18.31 149.93 12.79
1996 7 175.26 26 13.9 19.95 159.21 12.1
1996 8 41.77 26.9 13.85 20.38 154.97 13.05
1996 9 191.13 21.64 9.24 15.44 106.99 12.4
1996 10 145.17 15.59 2.12 8.85 70.44 13.47
1996 11 105.08 6.46 -4.04 1.21 30.01 10.5
1996 12 186.17 3.93 -3.4 0.26 18.32 7.33
1997 1 97.71 -0.47 -10.26 -5.37 13.98 9.79
1997 2 54.47 4.32 -6.86 -1.27 23.37 11.18
1997 3 140.81 4.54 -5.48 -0.47 35.76 10.02
1997 4 77.25 11.71 -0.77 5.47 70.81 12.48
1997 5 100.89 17.01 4.53 10.77 109.45 12.48
1997 6 28.4 25.59 11.12 18.36 159.73 14.48
1997 7 102.38 27.05 12.87 19.96 172.46 14.19
1997 8 148.98 25.4 12.56 18.98 148.07 12.83
1997 9 59.22 21.71 7.64 14.68 111.34 14.07
1997 10 73.03 14.76 0.71 7.73 68.91 14.05
1997 11 180.98 6.41 -3.58 1.42 29.59 9.99
1997 12 51.99 2.83 -7.29 -2.23 18.55 10.12
1998 1 126.09 2.25 -6.63 -2.19 16.71 8.88
1998 2 73.78 5.09 -6.11 -0.51 24.46 11.2
1998 3 96.22 7.65 -3.85 1.9 43.56 11.5
1998 4 71.73 14.77 0.41 7.59 82.88 14.35
1998 5 168.79 22.15 7.94 15.04 134.34 14.22
1998 6 207.12 23.18 12.72 17.95 134.27 10.46
1998 7 43.51 27.37 13.78 20.57 171.53 13.59
1998 8 42.52 28.01 13.7 20.86 164.34 14.31
1998 9 59.94 23.93 9.08 16.51 120.84 14.85
1998 10 132.64 15.67 3.07 9.37 69.46 12.6
1998 11 59.36 8.76 -3.51 2.63 34.87 12.27
1998 12 36.72 6.43 -5.49 0.47 23.61 11.91
1999 1 170.94 0.59 -12.55 -5.98 15.39 13.13
1999 2 89.43 3.13 -8.4 -2.63 22.55 11.53
1999 3 117.99 6.93 -4.37 1.28 42.29 11.3
1999 4 26.16 14.5 -0.28 7.11 83.19 14.77
1999 5 112.78 21.02 6.11 13.57 132.02 14.91
1999 6 78.23 27.71 11.74 19.72 174.4 15.97
1999 7 62.36 29.22 15.2 22.21 181.49 14.03
1999 8 107.81 26.78 12.53 19.66 158.25 14.25
1999 9 328.88 23.22 10.74 16.98 111.47 12.48
1999 10 93.31 15.02 0.36 7.69 69.55 14.66
1999 11 79.85 11.72 -0.17 5.78 39.16 11.89
1999 12 53.39 3.73 -6.61 -1.44 19.58 10.35
2000 1 86.15 -0.95 -12.99 -6.97 13.5 12.03
2000 2 75.73 2.82 -9.92 -3.55 21.5 12.74
2000 3 98.83 10.14 -2.95 3.6 50.48 13.09
2000 4 121.1 11.95 0.7 6.32 69.72 11.25
2000 5 120.6 19.39 6.06 12.73 120.88 13.33
2000 6 216.21 24.23 11.18 17.7 148.93 13.05
2000 7 178.74 25.14 12.78 18.96 156.76 12.37
2000 8 124 24.86 12.38 18.62 144.55 12.48
2000 9 119.96 22 8.29 15.15 111.51 13.71
2000 10 62.49 15.72 1.43 8.57 71.79 14.29
2000 11 68.87 8.06 -1.99 3.04 32.19 10.05
2000 12 122.07 0.45 -11.36 -5.46 15.89 11.81
2001 1 42.94 0.39 -13.86 -6.74 15.01 14.25
2001 2 81.18 2.13 -11.3 -4.59 20.47 13.43
2001 3 175.39 4.1 -6.29 -1.1 35.11 10.39
2001 4 47.61 14.36 -0.4 6.98 82.04 14.76
2001 5 87.41 21.17 5.84 13.51 132.95 15.33
2001 6 143.92 25.43 11.95 18.69 155.55 13.48
2001 7 72.92 26.16 11.87 19.01 168.72 14.29
2001 8 42.18 28.85 14.51 21.68 168.03 14.34
2001 9 136.66 23.41 8.28 15.84 119.63 15.14
2001 10 28.17 17.79 1.36 9.57 79.91 16.43
2001 11 36.64 11.19 -2.26 4.47 39.79 13.45
2001 12 65.49 5.9 -5.77 0.07 22.86 11.67
2002 1 44.65 3.89 -7.54 -1.82 19.41 11.43
2002 2 45.6 5 -7.57 -1.28 24.76 12.57
2002 3 96.43 7.06 -4.37 1.35 42.21 11.43
2002 4 86.37 15.42 1.81 8.62 83.98 13.61
2002 5 132.59 18.11 4.8 11.46 115.79 13.31
2002 6 108.73 24.18 10.75 17.46 150.03 13.43
2002 7 57.35 28.43 14.23 21.33 178.84 14.21
2002 8 84.2 29.15 13.71 21.43 173.24 15.44
2002 9 80.5 24.71 9.84 17.28 123.63 14.87
2002 10 125.55 14.56 1.6 8.08 67.12 12.97
2002 11 137.97 6.96 -2.8 2.08 30.27 9.76
2002 12 125.13 2.28 -9.3 -3.51 18.21 11.58
2003 1 82 -2.61 -15.37 -8.99 11.31 12.76
2003 2 87.2 -0.71 -13.64 -7.18 16.73 12.93
2003 3 94.78 7.33 -7 0.17 44.86 14.33
2003 4 80.38 11.7 -0.23 5.74 70.63 11.93
2003 5 116.63 18.57 5.96 12.27 116.35 12.61
2003 6 110.45 23.59 11.81 17.7 141.7 11.78
2003 7 57.01 27.51 14.33 20.92 170.27 13.18
2003 8 205.46 27.4 15.64 21.52 150.96 11.77
2003 9 242.1 22.35 10.02 16.18 108.27 12.33
2003 10 146.38 14.48 0.81 7.64 67.04 13.67
2003 11 98.36 10.45 -1.47 4.49 37.05 11.92
2003 12 140.64 3.81 -7.93 -2.06 20.07 11.74
2004 1 34.85 -4.2 -14.11 -9.15 9.78 9.91
2004 2 41.17 2.73 -11.5 -4.38 21.4 14.23
2004 3 96.61 7.85 -3.45 2.2 43.84 11.31
2004 4 138.47 14.01 1.13 7.57 78.44 12.88
2004 5 101.29 21.35 7.71 14.53 129.53 13.64
2004 6 51.21 23.68 10.31 17 147.77 13.38
2004 7 92.11 26.06 13.67 19.86 160.76 12.39
2004 8 103.47 26.11 14 20.06 148.03 12.11
2004 9 215.05 22.98 9.21 16.1 114.98 13.77
2004 10 62.26 15.15 2.54 8.84 68.15 12.62
2004 11 79.87 9.97 -2.93 3.52 37.31 12.9
2004 12 96.67 2.19 -8.41 -3.11 17.91 10.6
2005 1 129.45 -0.61 -12.71 -6.66 13.93 12.1
2005 2 79.1 3.47 -10.95 -3.74 22.57 14.42
2005 3 104.22 4.8 -9.08 -2.14 38.04 13.88
2005 4 143.12 16.36 0.73 8.54 89.76 15.64
2005 5 65.34 16.49 4.62 10.56 105.96 11.87
2005 6 105.66 26.52 14.27 20.4 155.21 12.25
2005 7 119.91 28.06 15.51 21.79 170.06 12.55
2005 8 96.24 27.9 14.88 21.39 158.92 13.02
2005 9 50.88 25.39 9.54 17.47 128.34 15.85
2005 10 408.42 14.97 5.14 10.05 62.89 9.83
2005 11 131.7 10.46 -2.93 3.76 38.45 13.39
2005 12 103.36 2.04 -10.29 -4.12 17.98 12.33
2006 1 156.29 4.31 -7.63 -1.66 20.04 11.94
2006 2 50.1 2.01 -9.32 -3.65 20.13 11.33
2006 3 14.43 6.76 -5.56 0.6 42.1 12.32
2006 4 80.72 15.89 0.27 8.08 88.15 15.62
2006 5 163.1 18.59 6.93 12.76 113.18 11.66
2006 6 161.26 23.6 13.92 18.76 132.1 9.68
2006 7 80.34 28.21 16.37 22.29 167.29 11.84
2006 8 103.87 25.88 12.96 19.42 150.31 12.92
2006 9 89.93 21 8.27 14.63 105.74 12.72
2006 10 169.54 14.9 1.54 8.22 68.48 13.36
2006 11 106.34 11.67 0.71 6.19 38.71 10.96
2006 12 57.2 6.28 -4.04 1.12 22.76 10.32
2007 1 68.95 1.96 -7.61 -2.82 16.65 9.57
2007 2 51.71 -2.15 -12.87 -7.51 14.75 10.72
2007 3 123.27 5.55 -7.87 -1.16 40.2 13.42
2007 4 176.95 11.02 -0.66 5.18 68.24 11.68
2007 5 72.33 21.94 6.14 14.04 137.91 15.79
2007 6 93.12 24.65 11.53 18.09 151.23 13.13
2007 7 141.27 26.45 14 20.23 162.47 12.44
2007 8 33.38 26.58 13.11 19.85 154.63 13.47
2007 9 74.12 23.88 8.5 16.19 120.93 15.38
2007 10 104.83 18.31 5.61 11.96 75.56 12.7
2007 11 75.67 7.35 -4.08 1.64 31.64 11.43
2007 12 129.13 0.45 -8.39 -3.97 15.3 8.84
2008 1 53.6 1.25 -11.49 -5.12 16.26 12.74
2008 2 263.92 1.46 -9.29 -3.92 19.24 10.75
2008 3 151.85 4.9 -6.31 -0.7 37.32 11.21
2008 4 103.01 15.71 0.46 8.08 87.08 15.24
2008 5 49.16 18.08 4.1 11.09 117.17 13.98
2008 6 158.96 24.74 12.75 18.74 146.88 11.98
2008 7 162.1 27.3 15.87 21.59 161.39 11.42
2008 8 80.35 25.06 12.47 18.77 145.75 12.58
2008 9 222.14 22.18 10.12 16.15 107.76 12.06
2008 10 76.3 14.99 2.64 8.81 67.34 12.34
2008 11 91.61 8.04 -2.08 2.98 32.21 10.12
2008 12 164.37 2.72 -7.41 -2.34 18.43 10.13
2009 1 87.58 -2.97 -15.89 -9.43 10.82 12.92
2009 2 35.36 2.11 -10.29 -4.09 20.42 12.41
2009 3 69.64 6.59 -5.4 0.59 41.54 11.99
2009 4 80.75 14.87 1.39 8.13 82.05 13.48
2009 5 109.77 19.35 6.63 12.99 119.14 12.73
2009 6 152.06 22 12.22 17.11 126.72 9.77
2009 7 213.51 24.85 13.6 19.23 150.6 11.25
2009 8 88.96 26.62 14.71 20.67 149.19 11.91
2009 9 40.08 21.06 7.54 14.3 107.89 13.53
2009 10 149.83 13.1 2.06 7.58 60.74 11.04
2009 11 73.19 11.24 0.42 5.83 37.88 10.82
2009 12 118.04 1.73 -8.01 -3.14 17.13 9.74
2010 1 74.53 0.38 -9.64 -4.63 14.98 10.02
2010 2 108.59 1.17 -7.9 -3.36 18.38 9.07
2010 3 167.71 10.24 -1.92 4.16 49.94 12.17
2010 4 24.52 16.59 1.81 9.2 89.42 14.78
2010 5 58.65 22.1 6.98 14.54 136.39 15.12
2010 6 88.81 24.9 12.55 18.73 149.02 12.35
2010 7 79.57 28.87 15.69 22.28 176.45 13.18
2010 8 61.83 26.55 13.73 20.14 152.68 12.82
2010 9 108.87 23.83 10.05 16.94 117.87 13.78
2010 10 150.73 15.46 3.14 9.3 68.5 12.32
2010 11 100.44 9.04 -2.15 3.45 34.64 11.2
2010 12 116.52 0.81 -8.45 -3.82 15.93 9.26
