YEAR MONTH PRCP TMAX TMIN TAVG ET DIF
2000 1 84.36 2.32 -9.02 -3.35 17.48 11.33
2000 2 68.75 0.77 -10.89 -5.06 18.39 11.65
2000 3 162.79 6.26 -3.98 1.14 39.52 10.24
2000 4 122.7 14.14 1.4 7.77 78.65 12.74
2000 5 190.62 20.27 7.18 13.72 123.68 13.08
2000 6 51.7 28.13 13.15 20.64 172.71 14.97
2000 7 94.28 28.79 14.43 21.61 181.1 14.36
2000 8 102.37 26.62 12.64 19.63 157.3 13.98
2000 9 62.54 24.85 11.31 18.08 120.67 13.54
2000 10 17.41 18.68 4.48 11.58 79.74 14.21
2000 11 95.53 11.59 0.56 6.08 38.63 11.03
2000 12 31.93 3.35 -6.48 -1.56 19.06 9.83
2001 1 129.67 1.51 -9.24 -3.86 16.42 10.75
2001 2 82.81 2.22 -8 -2.89 20.15 10.22
2001 3 144.86 5.58 -5.08 0.25 38.43 10.67
2001 4 74.91 12.82 0.87 6.84 73.42 11.95
2001 5 52.39 20.46 5.8 13.13 128.44 14.66
2001 6 12.87 26.13 10.43 18.28 165.97 15.7
2001 7 71.4 29.26 15.73 22.5 179.73 13.53
2001 8 37.6 27.64 13.58 20.61 161.81 14.05
2001 9 110.9 23.21 10.45 16.83 113.02 12.75
2001 10 85.24 18.65 4.84 11.75 79.06 13.81
2001 11 113.54 10.42 0.37 5.4 35.84 10.05
2001 12 58.19 3.74 -5.87 -1.06 19.43 9.61
2002 1 45.2 1.53 -10.24 -4.36 16.57 11.76
2002 2 56.71 3.23 -7.73 -2.25 21.76 10.95
2002 3 142.19 7.04 -2.94 2.05 40.88 9.98
2002 4 96.61 14.25 0.97 7.61 79.8 13.28
2002 5 42.8 20.73 5.9 13.31 129.96 14.83
2002 6 47.85 25.89 11.85 18.87 159.57 14.05
2002 7 173.19 27.31 15.26 21.28 164.54 12.05
2002 8 29.45 27.7 13.3 20.5 163.34 14.4
2002 9 122.97 21.11 10.12 15.62 101.27 10.99
2002 10 104.07 17.11 2.85 9.98 75.53 14.25
2002 11 73.27 11.34 0.04 5.69 38.48 11.3
2002 12 44.18 1.91 -7.91 -3 17.37 9.83
2003 1 127.1 1.14 -9.37 -4.12 15.94 10.51
2003 2 119.37 1.67 -8.84 -3.58 20.19 10.52
2003 3 75.94 6.48 -4.54 0.97 41.08 11.01
2003 4 40.7 14.89 1.82 8.36 82.16 13.07
2003 5 104.85 21.72 7.45 14.58 133.31 14.26
2003 6 17.87 26.28 11.17 18.73 165.18 15.12
2003 7 36.27 28.6 15.29 21.95 175.66 13.31
2003 8 150.08 27.29 13.99 20.64 156.94 13.31
2003 9 63.16 25.3 10.38 17.84 124.9 14.92
2003 10 82.23 17.41 3.53 10.47 75.05 13.88
2003 11 140.11 11.77 0.1 5.93 39.04 11.66
2003 12 98.14 2.89 -7.9 -2.51 18.68 10.78
2004 1 78.2 0.33 -9.86 -4.77 14.94 10.18
2004 2 60.34 1.24 -9.43 -4.09 18.93 10.68
2004 3 157.83 7.18 -2.21 2.49 40.53 9.39
2004 4 23.69 15.31 -0.33 7.49 86.19 15.64
2004 5 111.39 18.76 6.32 12.54 116.06 12.44
2004 6 11.71 26.42 11.54 18.98 164.75 14.88
2004 7 185.58 28.39 15.72 22.05 171.97 12.67
2004 8 70.57 26.83 12.31 19.57 160.04 14.52
2004 9 48.4 23.32 10.13 16.73 114.61 13.19
2004 10 120.19 18.52 4.31 11.41 79.33 14.22
2004 11 197.55 10.73 -0.57 5.08 37.47 11.3
2004 12 150.19 5.1 -5.55 -0.22 21.48 10.65
2005 1 35.93 0.58 -10.46 -4.94 15.36 11.04
2005 2 86.36 2.47 -9.51 -3.53 20.89 11.98
2005 3 53.95 6.67 -5.11 0.78 41.58 11.78
2005 4 27.92 13.92 1.33 7.63 77.73 12.59
2005 5 73.12 20.3 6.79 13.55 124.98 13.51
2005 6 78.81 25.03 11.4 18.22 154.35 13.62
2005 7 79.35 28.21 14.99 21.6 173.76 13.23
2005 8 119.54 27.1 14.5 20.8 153.93 12.6
2005 9 199.8 23.23 10.31 16.77 113.57 12.92
2005 10 66.59 17.36 5.38 11.37 72.72 11.98
2005 11 142.31 11.08 0.06 5.57 37.81 11.02
2005 12 30.03 2.63 -7.92 -2.65 18.43 10.55
2006 1 93.27 2.53 -9.4 -3.43 17.83 11.93
2006 2 97.49 2.76 -7.71 -2.48 20.97 10.47
2006 3 125.55 7.91 -4 1.96 44.44 11.91
2006 4 84.4 14.26 2.08 8.17 78.07 12.17
2006 5 78.13 20.45 7.23 13.84 124.8 13.22
2006 6 48.09 25.56 12.34 18.95 155.14 13.22
2006 7 84.64 28.01 14.51 21.26 173.99 13.5
2006 8 20.83 27.45 13.13 20.29 161.99 14.32
2006 9 181.37 23.72 11.18 17.45 114.06 12.53
2006 10 154.65 19.87 6.04 12.95 82.35 13.83
2006 11 116.13 10.08 -1.86 4.11 36.89 11.94
2006 12 73.95 4.45 -5.46 -0.5 20.4 9.92
2007 1 44.1 0.05 -11.77 -5.86 14.74 11.81
2007 2 81.3 1.78 -10.27 -4.25 20.6 12.05
2007 3 123.84 5.24 -5.36 -0.06 38.09 10.6
2007 4 147.69 14.81 1.74 8.28 81.92 13.07
2007 5 171.04 17.4 7.01 12.21 105.4 10.39
2007 6 131.1 24.59 12.46 18.53 147.19 12.14
2007 7 57.43 28.95 15.01 21.98 179.97 13.95
2007 8 82.18 26.65 13.67 20.16 153.02 12.97
2007 9 97.72 23 10.82 16.91 109.91 12.18
2007 10 67.05 17.84 4.21 11.02 75.81 13.63
2007 11 38.5 10.7 -1.09 4.8 37.38 11.79
2007 12 116.99 3.17 -6.97 -1.9 18.83 10.14
2008 1 62.08 1.01 -8.72 -3.86 15.63 9.73
2008 2 154.52 3.7 -8.58 -2.44 22.75 12.28
2008 3 83.58 6.96 -5 0.98 42.34 11.96
2008 4 66.35 12.99 -0.67 6.16 76.31 13.66
2008 5 99.41 21.49 7.2 14.34 131.79 14.29
2008 6 129.14 25.93 12.6 19.27 157.1 13.33
2008 7 160.38 28.19 17.09 22.64 163.37 11.1
2008 8 62.42 27.52 13.24 20.38 162.11 14.28
2008 9 66.68 22.93 9.87 16.4 112.97 13.06
2008 10 14.23 17.81 2.82 10.32 78.4 14.99
2008 11 66.31 10.57 -0.29 5.14 36.82 10.85
2008 12 74.57 4.66 -4.05 0.31 20.01 8.71
2009 1 97.17 1.74 -9.5 -3.88 16.77 11.24
2009 2 115.47 3.4 -8.78 -2.69 22.3 12.18
2009 3 43.58 6.34 -6.2 0.07 41.26 12.54
2009 4 55.08 15.85 2.85 9.35 84.36 13
2009 5 50.07 20.85 6.79 13.82 128.58 14.05
2009 6 38.4 25.54 11.2 18.37 159.03 14.34
2009 7 47.24 28.8 14.57 21.69 180.61 14.23
2009 8 131.65 27.8 14.01 20.91 161.53 13.79
2009 9 196.61 22.05 10.74 16.39 105.14 11.32
2009 10 132.14 19.1 4.4 11.75 81.58 14.7
2009 11 77.28 11.29 -1.29 5 39.39 12.57
2009 12 30.07 2.1 -8.75 -3.32 17.86 10.86
2010 1 221.83 2.07 -7.93 -2.93 16.89 9.99
2010 2 49.34 3.63 -9.79 -3.08 22.79 13.42
2010 3 41.96 6.41 -4.93 0.74 40.71 11.34
2010 4 139.01 14.83 1.75 8.29 81.3 13.08
2010 5 126.72 20.47 7.64 14.05 123.75 12.83
2010 6 72.25 26.09 13.4 19.75 155.3 12.69
2010 7 43.76 28.88 15.22 22.05 178.59 13.66
2010 8 23.78 27.63 13.52 20.57 161.95 14.11
2010 9 109.67 23.39 9.43 16.41 116.79 13.96
2010 10 94.16 18.42 3.26 10.84 80.31 15.16
2010 11 176.16 10.52 -0.12 5.2 36.56 10.64
2010 12 111.18 4.11 -5.46 -0.68 19.84 9.57
2011 1 106.94 3.33 -6.89 -1.78 18.4 10.22
2011 2 36.2 1.59 -10.04 -4.22 20.27 11.63
2011 3 78.95 7.09 -3.48 1.8 42.02 10.57
2011 4 63.09 15.06 2.18 8.62 82.39 12.88
2011 5 255.56 19.34 6.83 13.09 119.08 12.51
2011 6 57.19 25 11.77 18.38 153.06 13.23
2011 7 85.01 28.73 15.19 21.96 177.21 13.54
2011 8 88.17 27.67 14.61 21.14 157.52 13.06
2011 9 31.94 24.3 8.87 16.58 122.51 15.43
2011 10 70.71 17.92 3.77 10.85 76.78 14.15
2011 11 116.16 9.11 -1.9 3.6 34.21 11.02
2011 12 55.1 4.26 -5.66 -0.7 20.04 9.92
2012 1 23.37 2.03 -9.03 -3.5 17.08 11.05
2012 2 80.39 1.72 -10.79 -4.53 19.83 12.51
2012 3 68.61 5.52 -5.07 0.22 38.24 10.59
2012 4 115.24 13.45 -0.14 6.66 77.7 13.6
2012 5 65.41 21.57 6.76 14.16 133.44 14.81
2012 6 115.61 26.11 12.36 19.24 159.47 13.75
2012 7 73.59 28.98 14.86 21.92 180.99 14.12
2012 8 45.46 27.64 13.72 20.68 161.38 13.93
2012 9 113.26 22.72 9.01 15.87 113.9 13.7
2012 10 103.39 16.97 4.42 10.69 72.69 12.55
2012 11 31.65 10.4 -1.1 4.65 37.11 11.51
2012 12 132.54 3.62 -7.15 -1.76 19.71 10.77
2013 1 93.18 1.76 -10.46 -4.35 16.89 12.21
2013 2 69.23 2.83 -9.31 -3.24 21.44 12.13
2013 3 179.72 7.16 -3.22 1.97 41.54 10.38
2013 4 206.46 14.41 2.45 8.43 78.15 11.96
2013 5 252.37 19.9 8.48 14.19 117.29 11.42
2013 6 47.25 26.46 11.59 19.02 164.87 14.87
2013 7 51.17 29.51 15.77 22.64 181.74 13.74
2013 8 76.26 26.26 12.78 19.52 153.98 13.48
2013 9 65.4 24.73 12 18.37 117.92 12.73
2013 10 103.85 17.84 4.76 11.3 75.78 13.08
2013 11 122.4 11.93 0.34 6.14 39.71 11.59
2013 12 54.57 1.78 -8.43 -3.33 17.31 10.21
2014 1 69.16 0.43 -10.23 -4.9 15.13 10.66
2014 2 166.08 2.75 -8.37 -2.81 21.14 11.13
2014 3 55.76 4.89 -5.5 -0.3 36.78 10.39
2014 4 54.63 15.87 1.52 8.7 86.5 14.35
2014 5 102.45 21.45 7.31 14.38 131.26 14.14
2014 6 111.59 25.72 11.76 18.74 158.55 13.96
2014 7 143.76 28.84 15.9 22.37 175.17 12.93
2014 8 44.17 27.29 14.07 20.68 157.19 13.22
2014 9 40.92 23.96 10.59 17.27 117.19 13.36
2014 10 58.25 17.81 3.98 10.89 76.84 13.83
2014 11 250.34 9.12 -0.51 4.31 33.42 9.62
2014 12 52.2 1.06 -9.49 -4.22 16.53 10.56
2015 1 32.68 0.74 -9.95 -4.6 15.51 10.7
2015 2 53.92 -0.44 -12.63 -6.54 17.22 12.19
2015 3 152.26 5.61 -4.37 0.62 38.38 9.98
2015 4 271.58 11.95 2.62 7.29 66.57 9.33
2015 5 57 20.46 6.03 13.24 128.53 14.43
2015 6 51.76 26.82 13.29 20.05 161.95 13.53
2015 7 109.75 27.76 15.12 21.44 168.98 12.64
2015 8 50.18 28.64 14.2 21.42 166.79 14.44
2015 9 70.77 24.41 8.64 16.52 123.65 15.77
2015 10 102.75 17.42 3.98 10.7 74.47 13.45
2015 11 58.69 11.32 -0.16 5.58 38.15 11.48
2015 12 63.8 3.91 -6.24 -1.16 19.72 10.15
2016 1 16.64 1.95 -8.8 -3.43 16.94 10.76
2016 2 146.94 3.07 -9.48 -3.2 21.87 12.56
2016 3 53.38 7.58 -4.13 1.72 43.56 11.71
2016 4 96.21 15.06 2.13 8.59 81.75 12.92
2016 5 59.15 22.39 6.91 14.65 138.49 15.48
2016 6 65.03 25.26 11.88 18.57 154.44 13.38
2016 7 56.34 28.26 14.48 21.37 176.33 13.78
2016 8 76.67 26.82 12.87 19.85 158.01 13.95
2016 9 93.02 24.03 9.92 16.97 119.38 14.11
2016 10 206.26 15.74 3.45 9.6 69.15 12.28
2016 11 54.52 11.61 -0.43 5.59 39.55 12.04
2016 12 72.98 3.84 -4.86 -0.51 19.1 8.7
2017 1 67.52 2.76 -7.73 -2.48 17.83 10.49
2017 2 35.61 1.74 -10.46 -4.36 19.85 12.2
2017 3 37.21 6.74 -5.15 0.8 41.81 11.89
2017 4 62.51 12.56 -0.46 6.05 74.17 13.02
2017 5 24.77 20.92 6.74 13.83 129.22 14.18
2017 6 103.28 24.63 11.76 18.19 149.95 12.87
2017 7 65.25 28.68 15.1 21.89 177.29 13.57
2017 8 141.48 27.87 14.12 20.99 161.64 13.75
2017 9 34.39 23.45 8.47 15.96 119.43 14.98
2017 10 2.91 18 2.18 10.09 79.88 15.82
2017 11 107.24 9.68 -1.46 4.11 35.65 11.15
2017 12 45.82 3.33 -5.6 -1.14 18.65 8.93
2018 1 45.81 0.57 -9.87 -4.65 15.27 10.44
2018 2 50.33 2.69 -8.5 -2.91 21.07 11.19
2018 3 178.48 5.55 -4.31 0.62 37.72 9.86
2018 4 132.53 13.88 1.16 7.52 77.8 12.72
2018 5 135.42 20.2 7.03 13.61 123.66 13.17
2018 6 99.89 26.57 12.61 19.59 162.2 13.96
2018 7 30.48 28.95 14.77 21.86 181.08 14.18
2018 8 44.37 27.64 13.31 20.47 162.79 14.33
2018 9 41.6 23.88 10.85 17.36 115.98 13.02
2018 10 26.36 20.07 6.3 13.19 82.81 13.77
2018 11 156.33 8.53 -1.25 3.64 32.67 9.78
2018 12 32.49 3.26 -7.82 -2.28 19.35 11.09
2019 1 112.64 4.06 -6.58 -1.26 19.38 10.64
2019 2 79.71 1.9 -10.8 -4.45 20.84 12.71
2019 3 101.19 5.78 -5.24 0.27 39.57 11.02
2019 4 87.72 14.26 1.74 8 79.33 12.52
2019 5 106.19 19.69 7.37 13.53 119.88 12.32
2019 6 54.38 25.48 11.58 18.53 157.57 13.9
2019 7 62.6 29.07 15.9 22.49 177.06 13.17
2019 8 146 27.97 14.2 21.08 161.52 13.77
2019 9 64.69 23.97 9.12 16.55 120.1 14.86
2019 10 115.98 16.87 4.07 10.47 72.04 12.79
2019 11 180.76 10.8 -0.22 5.29 36.92 11.02
2019 12 51.5 1.68 -7.66 -2.99 16.84 9.34
2020 1 126.3 3.01 -7.97 -2.48 18.24 10.98
2020 2 60.59 1.36 -10.25 -4.45 19.24 11.61
2020 3 67.34 6.83 -4.43 1.2 41.57 11.26
2020 4 33.85 14.77 1.1 7.94 82 13.67
2020 5 49.39 21.54 6.61 14.08 133.58 14.92
2020 6 98.59 27.26 13.09 20.18 165.99 14.17
2020 7 64.36 27.28 14.68 20.98 166.95 12.6
2020 8 90.18 26.76 13.65 20.21 154.65 13.11
2020 9 147.49 25.34 11.95 18.65 121.9 13.39
2020 10 114.44 19.04 3.83 11.44 82.12 15.21
2020 11 128.4 9.34 -0.84 4.25 34.28 10.18
2020 12 165.97 3.01 -7.48 -2.23 18.88 10.49
2021 1 63.04 0.64 -10.22 -4.79 15.4 10.86
2021 2 45.13 2.86 -10.64 -3.89 21.61 13.5
2021 3 67.78 7.53 -4.36 1.59 43.58 11.89
2021 4 113.94 14.3 2.09 8.19 78.25 12.21
2021 5 108.68 20.53 7.4 13.97 124.85 13.13
2021 6 50.41 26.52 12.67 19.59 161.58 13.85
2021 7 33.2 29.27 15.1 22.18 182.5 14.17
2021 8 75.81 27.55 14.56 21.05 157.34 12.99
2021 9 98.15 23.7 10.76 17.23 115.14 12.93
2021 10 49.25 17.64 3.7 10.67 76.53 13.94
2021 11 49.39 9.68 -1.77 3.95 35.86 11.45
2021 12 131.24 2.1 -8.01 -2.95 17.68 10.11
2022 1 125.26 0.4 -9.53 -4.57 14.98 9.93
2022 2 45.87 2.99 -9.05 -3.03 21.66 12.04
2022 3 30.99 6.64 -5.44 0.6 41.7 12.08
2022 4 34.81 14.72 1.08 7.9 81.8 13.65
2022 5 164.67 20.85 7.75 14.3 126.04 13.1
2022 6 106.49 25.56 12.8 19.18 153.35 12.75
2022 7 107.18 27.78 14.67 21.22 171.35 13.11
2022 8 26.93 28.17 14.03 21.1 164.42 14.15
2022 9 238.64 22.61 10.22 16.42 110.07 12.39
2022 10 177.6 16.94 5.39 11.16 70.89 11.55
2022 11 48.3 10.37 -1.39 4.49 37.25 11.76
2022 12 43.43 3.58 -6.61 -1.52 19.46 10.19
2023 1 86.09 1.5 -10.67 -4.59 16.56 12.17
2023 2 24.17 2.52 -8.78 -3.13 21.59 11.29
2023 3 123.7 7.03 -4.28 1.38 42.53 11.31
2023 4 96.05 15.19 2.29 8.74 82.83 12.9
2023 5 216.73 21.15 8.14 14.64 127.58 13.02
2023 6 71.68 24.99 13.12 19.06 147.67 11.87
2023 7 42.1 28.69 13.69 21.19 182.9 15
2023 8 55.9 27.47 13.59 20.53 159.86 13.89
2023 9 43.38 23.77 9.06 16.42 119.08 14.72
2023 10 101.83 18.04 3.61 10.82 77.47 14.43
2023 11 127.53 10.83 0.09 5.46 36.7 10.74
2023 12 77.88 4.25 -5.94 -0.84 20.14 10.19
2024 1 30.39 -0.81 -11.1 -5.96 13.65 10.29
2024 2 46.87 1.89 -11.31 -4.71 20.1 13.19
2024 3 47.47 5.58 -6.01 -0.21 39.04 11.6
2024 4 47.28 14.54 1.11 7.83 80.9 13.43
2024 5 121.48 20.2 7.13 13.66 123.38 13.07
2024 6 165.55 25.11 12.11 18.61 152.47 13
2024 7 41.47 28.74 15.2 21.97 177.45 13.54
2024 8 92.72 26.87 14.65 20.76 151.49 12.22
2024 9 86.03 23.48 10.61 17.04 114.28 12.88
2024 10 7.04 17.74 2.75 10.24 78.2 14.99
2024 11 70.99 10.54 -0.16 5.19 36.64 10.7
2024 12 146.03 5.15 -4.51 0.32 21.09 9.66
2025 1 18.8 0.84 -10.69 -4.93 15.71 11.53
2025 2 104.45 2.37 -9.9 -3.77 20.78 12.27
2025 3 126.28 7.2 -4.28 1.46 42.56 11.48
2025 4 51.42 15.06 1.36 8.21 82.93 13.7
2025 5 36.47 20.15 5.12 12.64 128 15.03
2025 6 110.15 27.19 13.21 20.2 165.03 13.99
2025 7 75.85 29.09 15.33 22.21 179.98 13.76
2025 8 128.53 28.09 13.94 21.01 164.03 14.14
2025 9 107.35 21.2 10.18 15.69 101.64 11.03
2025 10 100.11 18.37 4.23 11.3 78.79 14.14
2025 11 138.12 10.09 -0.45 4.82 35.79 10.54
2025 12 221.79 2.83 -6.01 -1.59 18.04 8.84
2026 1 51.39 1.43 -9.75 -4.16 16.38 11.18
2026 2 109.64 2.09 -9.32 -3.61 20.26 11.41
2026 3 71.85 5.8 -6.61 -0.41 39.96 12.42
2026 4 103.41 12.73 0.62 6.67 73.38 12.11
2026 5 55.17 22.63 7.87 15.25 137.72 14.76
2026 6 57.55 24.82 11.28 18.05 153.18 13.54
2026 7 115.73 29 15.25 22.13 179.54 13.75
2026 8 55.68 28.08 13.89 20.99 164.2 14.19
2026 9 123.38 23.75 9.65 16.7 118.41 14.1
2026 10 52.05 17.08 3.84 10.46 74.06 13.24
2026 11 159.34 10.35 0.31 5.33 35.7 10.04
2026 12 69.36 2.66 -7.8 -2.57 18.45 10.46
2027 1 82.77 2.04 -7.92 -2.94 16.85 9.96
2027 2 52.32 2.13 -10.55 -4.21 21.19 12.68
2027 3 79.11 6.47 -4.31 1.08 40.89 10.78
2027 4 38.95 15.16 1.01 8.09 84.61 14.15
2027 5 56.09 20.77 5.43 13.1 131.95 15.34
2027 6 43.63 26.53 12.46 19.5 162.68 14.06
2027 7 193.74 27.82 15.27 21.54 168.86 12.56
2027 8 151.34 27.53 14.71 21.12 155.97 12.82
2027 9 62.24 24.84 12.15 18.49 117.29 12.69
2027 10 70.55 19.54 5.53 12.54 80.89 14
2027 11 35.36 11.77 -0.04 5.86 39.16 11.81
2027 12 94.87 3.29 -6.03 -1.37 18.67 9.33
2028 1 136.71 2.23 -8.46 -3.11 17.25 10.68
2028 2 47.13 0.8 -10.58 -4.89 18.41 11.38
2028 3 157.88 6.21 -4.11 1.05 39.47 10.32
2028 4 96.25 14.12 1.3 7.71 78.7 12.82
2028 5 80.33 21.92 7.24 14.58 134.58 14.68
2028 6 115.24 26.3 12.6 19.45 160.12 13.7
2028 7 75.38 28.03 15.37 21.7 170.39 12.66
2028 8 90.38 27.24 13.29 20.27 159.75 13.95
2028 9 129.41 23.32 9.65 16.49 115.88 13.68
2028 10 9.66 19.36 3.95 11.66 83.26 15.41
2028 11 92.44 11.98 -0.26 5.86 40.33 12.24
2028 12 73.77 4.94 -5.68 -0.37 21.27 10.62
2029 1 49.01 -0.92 -11.46 -6.19 13.54 10.54
2029 2 120.94 3.31 -8.53 -2.61 22.1 11.85
2029 3 74.86 8.29 -3.46 2.42 45.19 11.75
2029 4 170.76 13.75 1.28 7.51 77.05 12.48
2029 5 178.83 20.84 6.62 13.73 129 14.23
2029 6 134.66 24.16 12.23 18.19 144.39 11.94
2029 7 151.38 27.02 15.3 21.16 161.71 11.72
2029 8 41.93 27.49 13.82 20.65 159.8 13.68
2029 9 93.49 22.95 9.91 16.43 112.99 13.04
2029 10 91.86 18.15 3.71 10.93 78.64 14.44
2029 11 72.63 10.23 -2.21 4.01 37.48 12.44
2029 12 60.88 1.7 -8.66 -3.48 17.26 10.35
2030 1 60.36 0.8 -8.96 -4.08 15.4 9.76
2030 2 100.18 2.63 -9.4 -3.38 21.14 12.03
2030 3 80.17 8.16 -3.13 2.52 44.52 11.29
2030 4 79.72 17.17 2.6 9.89 91.05 14.57
2030 5 128.5 19.82 7.67 13.74 119.29 12.15
2030 6 85.28 26.28 11.8 19.04 162.79 14.48
2030 7 151.39 29.29 15.74 22.51 179.98 13.56
2030 8 64.36 27.72 15.58 21.65 154.48 12.14
2030 9 28.03 22.28 7.67 14.98 114.46 14.6
2030 10 54.65 18.3 5.22 11.76 76.97 13.07
2030 11 187.03 11.47 0.35 5.91 38.51 11.12
2030 12 50.89 2.91 -6.6 -1.85 18.43 9.52
2031 1 29.69 0.43 -9.91 -4.74 15.09 10.35
2031 2 19.92 1.59 -12.11 -5.26 20.32 13.7
2031 3 38.84 6.49 -4.95 0.77 41.43 11.44
2031 4 59.44 15.65 1.61 8.63 86.02 14.03
2031 5 106.3 18.85 7 12.92 115.25 11.84
2031 6 115.32 23.9 10.7 17.3 148.32 13.2
2031 7 57.81 28.46 14.95 21.7 175.85 13.51
2031 8 11.19 27.4 14.07 20.74 157.46 13.33
2031 9 60.01 23.59 9.69 16.64 116.49 13.9
2031 10 23.69 18.33 2.9 10.62 79.51 15.42
2031 11 49.37 8.39 -2.1 3.14 32.66 10.49
2031 12 95.23 2.53 -6.92 -2.19 17.85 9.45
2032 1 73.29 1.61 -9.23 -3.81 16.55 10.84
2032 2 46.51 3.25 -7.68 -2.22 21.79 10.94
2032 3 74.81 5.98 -4.73 0.63 39.32 10.71
2032 4 107.47 12.28 -0.21 6.03 72.57 12.49
2032 5 50.97 21.03 6.79 13.91 129.78 14.23
2032 6 149.05 26.38 13.38 19.88 157.72 13
2032 7 193.17 28.19 14.83 21.51 174.25 13.37
2032 8 49.42 28.02 13.63 20.83 164.62 14.38
2032 9 42.45 23.87 10.05 16.96 118.11 13.82
2032 10 344.05 17.48 4.9 11.19 74.02 12.57
2032 11 94.88 9.17 -1.24 3.97 34.22 10.41
2032 12 46.78 2.79 -7.16 -2.18 18.45 9.95
2033 1 44.21 1.27 -10.01 -4.37 16.2 11.28
2033 2 78.43 1 -10.51 -4.76 18.71 11.51
2033 3 176.54 7.21 -4.03 1.59 42.38 11.24
2033 4 90.75 14.87 0.94 7.91 82.67 13.93
2033 5 66.45 21.06 5.67 13.37 132.65 15.4
2033 6 85.06 25.67 11.55 18.61 158.89 14.12
2033 7 33.78 28.83 16.16 22.49 173.96 12.68
2033 8 122.34 26.3 14.39 20.34 147.93 11.91
2033 9 13.9 24.63 9.59 17.11 123.74 15.04
2033 10 47.11 17.58 3.48 10.53 76.61 14.1
2033 11 73.51 10.86 -1.08 4.89 38.21 11.94
2033 12 61.99 2.34 -6.45 -2.06 17.48 8.79
2034 1 120.97 0.79 -8.48 -3.85 15.27 9.28
2034 2 94.9 3.61 -8.26 -2.32 22.54 11.87
2034 3 125.01 7.16 -4 1.58 42.21 11.16
2034 4 36.86 15.69 1.47 8.58 85.72 14.22
2034 5 64.99 20.95 6.29 13.62 130.49 14.66
2034 6 41.54 24.78 11.35 18.07 152.63 13.43
2034 7 89.89 28.4 15.02 21.71 175.24 13.38
2034 8 57.48 26.64 13.97 20.3 152.39 12.67
2034 9 204.17 22.15 9.34 15.74 109.75 12.81
2034 10 112.26 15.24 1.74 8.48 69.55 13.5
2034 11 62.97 8.92 -1.95 3.49 34.2 10.87
2034 12 35.22 2.82 -7.66 -2.42 18.65 10.48
2035 1 139.23 1.24 -7.31 -3.03 15.51 8.54
2035 2 35.9 2.74 -7.91 -2.58 21.74 10.65
2035 3 133.75 5.29 -4.4 0.44 37.45 9.69
2035 4 57.22 13.23 1.03 7.13 75.66 12.2
2035 5 86.34 20.94 6.65 13.79 130.16 14.29
2035 6 19.67 26.8 12.68 19.74 164.09 14.12
2035 7 221.97 28.37 15.36 21.86 173.3 13.01
2035 8 34.27 27.67 12.54 20.11 165.05 15.13
2035 9 25.22 22.95 8.87 15.91 114.75 14.08
2035 10 173.16 17.55 3.7 10.62 75.37 13.85
2035 11 98.59 9.85 -0.66 4.6 34.97 10.51
2035 12 58.13 3.2 -7.43 -2.12 19.02 10.63
2036 1 113.58 2.36 -8.27 -2.95 17.39 10.63
2036 2 100.73 3.12 -8 -2.44 21.65 11.11
2036 3 151.49 6.85 -4.33 1.26 41.54 11.18
2036 4 68.02 13.81 1.01 7.41 77.71 12.8
2036 5 87.66 21.47 7.62 14.55 130.6 13.85
2036 6 80.7 26.25 12.46 19.36 160.23 13.79
2036 7 100.76 28.65 15.52 22.08 175.21 13.13
2036 8 36.8 27.71 14.32 21.01 159.58 13.39
2036 9 71.94 23.45 8.72 16.08 118.84 14.73
2036 10 49.55 18.34 4.29 11.32 78.62 14.06
2036 11 69.21 10.73 -0.32 5.2 37.27 11.05
2036 12 80.23 0.54 -9.22 -4.34 15.75 9.76
2037 1 71.33 1.31 -8.36 -3.53 15.95 9.67
2037 2 60.11 1.68 -8.6 -3.46 19.43 10.28
2037 3 145.6 5.8 -4.66 0.57 38.73 10.46
2037 4 130.79 13.79 1.87 7.83 76.26 11.92
2037 5 161.94 20.32 7.68 14 122.66 12.64
2037 6 41.1 25.96 10.26 18.11 165.24 15.7
2037 7 68.96 28.18 14.57 21.38 175.19 13.6
2037 8 66.1 27.9 14.44 21.17 160.67 13.46
2037 9 185.71 23.79 10.57 17.18 116.24 13.22
2037 10 37.78 19.6 4.8 12.2 83.13 14.8
2037 11 55.93 10.34 0.35 5.34 35.64 9.99
2037 12 39.25 4.02 -6.07 -1.02 19.96 10.09
2038 1 95.7 1.65 -8.8 -3.58 16.52 10.45
2038 2 13.37 0.81 -12.47 -5.83 18.44 13.28
2038 3 103.19 6.99 -4.75 1.12 42.26 11.74
2038 4 228.97 14.44 3.33 8.88 76.62 11.11
2038 5 98.23 19.39 6.6 13 119.48 12.79
2038 6 87.91 26.53 13.28 19.91 159.42 13.26
2038 7 40.31 28.68 14.73 21.7 178.9 13.95
2038 8 91.07 27.17 14.39 20.78 154.98 12.78
2038 9 90.85 22.64 9.86 16.25 111.26 12.78
2038 10 130.42 16.76 2.79 9.78 74.21 13.96
2038 11 48.81 11.8 -0.31 5.74 39.94 12.12
2038 12 155.22 4.6 -5.1 -0.25 20.47 9.7
2039 1 91.2 0.7 -10.34 -4.82 15.5 11.05
2039 2 13.22 0.22 -11.47 -5.62 18.23 11.69
2039 3 80.46 6.86 -5.01 0.92 42.54 11.87
2039 4 146.94 13.45 1.87 7.66 75.28 11.58
2039 5 116.61 20.81 7 13.9 128.43 13.81
2039 6 94.16 26.7 13 19.85 162.06 13.7
2039 7 56.22 28.65 16.23 22.44 171.74 12.42
2039 8 185.83 28.2 15.18 21.69 159.48 13.02
2039 9 186.85 22.27 10.62 16.44 106.05 11.65
2039 10 78.04 18.96 4.34 11.65 80.22 14.61
2039 11 133.75 9.89 -1.62 4.14 35.84 11.51
2039 12 189.92 6.18 -3.33 1.43 22.06 9.51
2040 1 183.12 2.28 -10.04 -3.89 17.55 12.32
2040 2 129.91 1.59 -9.65 -4.03 19.52 11.25
2040 3 122.98 6.97 -3.77 1.6 41.44 10.73
2040 4 167.27 15.94 2.95 9.45 84.61 12.99
2040 5 36.04 22.34 7.1 14.72 137.7 15.24
2040 6 115.64 25.03 11.99 18.51 152.23 13.04
2040 7 260.72 27.2 14.7 20.95 166.09 12.49
2040 8 178.72 27.39 15.23 21.31 153.23 12.16
2040 9 68.61 23.74 10.82 17.28 115.25 12.92
2040 10 152.94 17.41 3.65 10.53 75.69 13.77
2040 11 131.8 10.6 0.42 5.51 36.25 10.18
2040 12 95.55 2.61 -8.15 -2.77 18.47 10.76
2041 1 93.17 1.51 -9.2 -3.84 16.41 10.71
2041 2 67.48 0.74 -10.03 -4.65 18.25 10.77
2041 3 181.09 8.33 -2.17 3.08 44.13 10.51
2041 4 58.02 16.12 2.95 9.53 85.5 13.18
2041 5 86.39 18 5.66 11.83 112.9 12.34
2041 6 52.52 25.84 12.31 19.07 157.47 13.53
2041 7 62.56 28.11 14.55 21.33 174.69 13.56
2041 8 50.25 27.15 13.21 20.18 159.36 13.94
2041 9 48.86 23.43 9.98 16.71 115.64 13.44
2041 10 47.46 18.98 4.57 11.77 80.84 14.41
2041 11 118.43 11.8 0.04 5.92 39.64 11.76
2041 12 29.82 1.36 -7.64 -3.14 16.47 9
2042 1 102.71 2.03 -8.18 -3.08 16.9 10.21
2042 2 165.44 3.85 -7.34 -1.74 22.71 11.19
2042 3 108.8 6.34 -4.71 0.81 40.34 11.05
2042 4 96.31 14.75 1.45 8.1 81.36 13.29
2042 5 150.93 20.25 5.94 13.1 126.75 14.3
2042 6 29.37 25.94 12.63 19.28 157.05 13.3
2042 7 118.14 27.92 15.16 21.54 170.45 12.77
2042 8 119.89 26.97 13.86 20.41 155.47 13.11
2042 9 195.99 24.31 10.97 17.64 118.27 13.33
2042 10 3.26 19.13 2.86 11 83.64 16.27
2042 11 11.73 9.62 -1.28 4.17 35.35 10.9
2042 12 161.33 5.48 -5.25 0.12 21.98 10.74
2043 1 103.49 2.08 -8.34 -3.13 17.02 10.42
2043 2 107.02 4.38 -6.12 -0.87 24.01 10.49
2043 3 50.47 5.45 -7.01 -0.78 39.62 12.46
2043 4 188.23 13.59 1.48 7.54 76.59 12.11
2043 5 100.6 19.81 6.65 13.23 122.66 13.15
2043 6 92.12 25.35 11.09 18.22 158.15 14.25
2043 7 81.31 27.65 14.55 21.1 170.5 13.09
2043 8 56.52 27.08 14.11 20.59 154.75 12.97
2043 9 125.71 24.07 11.2 17.63 115.32 12.87
2043 10 37.62 18.67 4.4 11.54 78.96 14.27
2043 11 146.28 9.96 -0.58 4.69 35.17 10.54
2043 12 57.73 4.36 -6.29 -0.96 20.44 10.65
2044 1 63.61 1.64 -10.28 -4.32 16.73 11.93
2044 2 83.57 1.28 -10.02 -4.37 19.08 11.3
2044 3 117.16 6.66 -4.26 1.2 40.93 10.92
2044 4 42.09 14.07 0.52 7.3 79.59 13.55
2044 5 81.77 20.27 6.85 13.56 124.64 13.42
2044 6 63.36 26.55 12.69 19.62 161.77 13.86
2044 7 161.48 28.86 16.44 22.64 172.82 12.42
2044 8 130.35 27.98 14.29 21.14 161.9 13.69
2044 9 178.78 23.62 10.91 17.27 114.28 12.71
2044 10 222.06 18.74 5.17 11.96 78.92 13.56
2044 11 28.85 11.13 -0.43 5.35 38.36 11.56
2044 12 93.9 4.12 -6.25 -1.07 20.19 10.38
2045 1 55.11 1.07 -10.83 -4.88 16.01 11.89
2045 2 78.64 1.91 -10.73 -4.41 20.13 12.64
2045 3 112.4 6.82 -4.01 1.41 41.21 10.83
2045 4 86.39 12.63 1.17 6.9 72.08 11.47
2045 5 83.5 20.42 6.38 13.4 126.8 14.04
2045 6 85.44 27.16 13.18 20.17 164.85 13.98
2045 7 39.88 27.44 12.5 19.97 177.04 14.94
2045 8 78.85 27.81 14.48 21.14 159.79 13.33
2045 9 126.48 23.14 10.09 16.62 113.65 13.05
2045 10 119.18 17.15 5.09 11.12 72.34 12.06
2045 11 108.76 10.99 -1.73 4.63 38.98 12.72
2045 12 69.11 2.36 -8.4 -3.02 18.15 10.76
2046 1 67.25 0.07 -12.28 -6.1 14.77 12.35
2046 2 46.25 1.71 -9.6 -3.95 19.7 11.31
2046 3 68.43 6.82 -3.95 1.44 41.17 10.78
2046 4 121.3 13.22 0.86 7.04 75.23 12.35
2046 5 29.5 22.2 7.92 15.07 134.72 14.28
2046 6 71.7 26.08 11.35 18.71 162.71 14.73
2046 7 211.17 27.81 15.58 21.7 167.5 12.23
2046 8 18.95 27.73 13.97 20.85 161.1 13.76
2046 9 220.19 23.36 10.31 16.84 114.37 13.05
2046 10 55.69 18.74 3.79 11.27 80.95 14.95
2046 11 114.18 11.38 0.4 5.89 38.26 10.98
2046 12 87.09 0.91 -8.74 -3.92 16.15 9.64
2047 1 38.07 1.22 -10.86 -4.82 16.21 12.08
2047 2 87.9 2.24 -9.63 -3.7 21.28 11.87
2047 3 111.91 7 -3.73 1.63 41.98 10.73
2047 4 103.4 13.38 0.95 7.16 76.46 12.43
2047 5 96.67 21.45 6.76 14.11 133.28 14.69
2047 6 74.81 25.98 12.87 19.43 156.78 13.11
2047 7 84.46 28.55 14.29 21.42 179.43 14.27
2047 8 122.52 27.32 14.64 20.98 154.58 12.68
2047 9 77.27 24.58 10.04 17.31 121.44 14.53
2047 10 58.98 18.17 3.85 11.01 77.68 14.32
2047 11 85.72 9.81 -1.73 4.04 35.74 11.54
2047 12 110.7 3.86 -6.57 -1.35 19.75 10.43
2048 1 155.14 3.28 -6.35 -1.54 18.14 9.63
2048 2 37.72 0.84 -11.87 -5.51 18.52 12.71
2048 3 63.44 6.94 -3.93 1.5 41.49 10.87
2048 4 88.07 13.42 1.73 7.57 74.76 11.69
2048 5 131.54 19.43 6.44 12.94 120.19 13
2048 6 35.68 25.46 11.56 18.51 157.21 13.9
2048 7 69.9 29.11 14.86 21.98 182.1 14.25
2048 8 192.14 27.68 14.09 20.88 160.25 13.59
2048 9 176.43 24.41 11.4 17.9 117.71 13.01
2048 10 77.96 17.59 3.22 10.4 76.99 14.37
2048 11 189.29 10.5 -0.66 4.92 36.97 11.15
2048 12 45.96 2.04 -8.01 -2.99 17.59 10.05
2049 1 64.03 0.17 -10.79 -5.31 14.86 10.96
2049 2 33.99 2.19 -10.45 -4.13 20.55 12.64
2049 3 86.62 5.61 -5.16 0.23 38.57 10.77
2049 4 85.95 14.61 0.9 7.76 81.53 13.71
2049 5 107.15 20.9 6.16 13.53 130.51 14.75
2049 6 64.12 25.47 12.16 18.81 155.11 13.31
2049 7 75.87 28.46 16.33 22.4 169.73 12.13
2049 8 146.95 26.69 14.45 20.57 150.82 12.24
2049 9 59.54 24.67 10.24 17.46 122.41 14.43
2049 10 77.78 16.57 5.48 11.03 69.14 11.09
2049 11 150.38 11.34 -1.11 5.11 39.4 12.45
2049 12 59.39 2.19 -7.84 -2.82 17.76 10.03
2050 1 76.86 -0.42 -11.5 -5.96 14.16 11.08
2050 2 75.32 1.45 -10.07 -4.31 19.36 11.52
2050 3 49.43 6.16 -5.21 0.48 40.18 11.37
2050 4 40.41 14.71 0.75 7.73 82.18 13.96
2050 5 186.9 21.41 7.52 14.46 130.44 13.89
2050 6 163.59 25.48 12.71 19.1 153.1 12.77
2050 7 21.48 28.65 13.72 21.18 182.65 14.93
2050 8 88.18 26.75 14.01 20.38 153.14 12.74
2050 9 141.18 24.65 11.92 18.29 117.68 12.73
2050 10 56.11 19.46 5.14 12.3 82.03 14.32
2050 11 87.73 10.56 -0.03 5.26 36.57 10.59
2050 12 41.41 4.02 -6.27 -1.13 20.03 10.29
2051 1 71.81 1.54 -8.76 -3.61 16.36 10.3
2051 2 45.49 2.09 -11.5 -4.7 21.15 13.59
2051 3 167.77 7.52 -2.55 2.49 42.47 10.08
2051 4 97.98 13.33 0.68 7.01 76.63 12.64
2051 5 57.91 21.3 6.34 13.82 133.31 14.96
2051 6 101.06 25.35 11.85 18.6 155.55 13.5
2051 7 136.18 28.2 14.72 21.46 174.58 13.48
2051 8 66.96 28.07 13.79 20.93 163.77 14.27
2051 9 141.53 23.94 9.55 16.74 118.88 14.39
2051 10 57.81 19.18 5.38 12.28 79.62 13.8
2051 11 213.33 11.33 1.11 6.22 36.98 10.22
2051 12 134.15 3.19 -6.25 -1.53 18.59 9.44
2052 1 59.24 1.21 -9.27 -4.03 16.02 10.48
2052 2 45.46 1.26 -9.38 -4.06 18.95 10.64
2052 3 105.54 6.28 -5.03 0.63 40.41 11.31
2052 4 102.68 14.22 0.94 7.58 79.72 13.29
2052 5 36.03 22.6 7.45 15.03 138.55 15.14
2052 6 62.14 25.91 12.01 18.96 159.17 13.91
2052 7 88.77 27.84 14.93 21.39 170.73 12.91
2052 8 134.23 26.97 12.99 19.98 158.76 13.98
2052 9 40.55 24.21 9.17 16.69 122.26 15.04
2052 10 73.75 18.47 3.09 10.78 80.72 15.38
2052 11 62.31 10.41 -1.26 4.57 37.26 11.68
2052 12 103.58 3.42 -6.21 -1.39 19.05 9.62
2053 1 38.74 1.31 -8.42 -3.55 15.97 9.73
2053 2 86.88 2.91 -10.75 -3.92 21.69 13.66
2053 3 120 6.82 -4.25 1.28 41.39 11.07
2053 4 91.28 13.47 0.96 7.22 76.26 12.52
2053 5 116.63 20.52 7.43 13.98 124.7 13.09
2053 6 114.26 26.23 12.74 19.49 158.99 13.49
2053 7 109.5 28.6 14.91 21.75 177.45 13.69
2053 8 86.05 27.27 12.8 20.04 161.73 14.47
2053 9 44.94 24 8.43 16.21 122.67 15.57
2053 10 79.08 19.2 6.5 12.85 78.64 12.69
2053 11 71.06 11.52 0.08 5.8 38.88 11.43
2053 12 68.81 2.46 -8.24 -2.89 18.26 10.7
2054 1 105.75 0.62 -11.31 -5.34 15.46 11.93
2054 2 144.54 2.69 -7.62 -2.47 20.82 10.31
2054 3 104.41 6.38 -3.38 1.5 39.32 9.76
2054 4 107.49 17.06 2.79 9.92 90.25 14.27
2054 5 70.77 19.43 6.55 12.99 119.85 12.88
2054 6 189.25 24.96 11.18 18.07 154.65 13.79
2054 7 120.35 29.09 15.27 22.18 180.23 13.82
2054 8 72.07 26.7 12.9 19.8 156.96 13.8
2054 9 25.59 25.83 10.74 18.29 128.15 15.1
2054 10 194.93 19.2 5.94 12.57 79.63 13.26
2054 11 114.93 10.58 -0.99 4.8 37.46 11.57
2054 12 104.23 3.73 -6.28 -1.28 19.57 10.01
2055 1 56.53 0.07 -11.16 -5.55 14.75 11.23
2055 2 41.47 0.88 -11.3 -5.21 19.24 12.18
2055 3 115.51 6.42 -5 0.71 41.26 11.43
2055 4 201.7 14.2 1.54 7.87 79.37 12.67
2055 5 173.62 19.39 6.56 12.98 120.17 12.83
2055 6 200.5 26.66 13.93 20.29 158.09 12.73
2055 7 105.26 28.12 15.39 21.75 170.9 12.72
2055 8 41.23 26.37 14.37 20.37 147.96 12
2055 9 83.41 24.17 10.69 17.43 117.34 13.48
2055 10 194.58 17.04 3.98 10.51 72.9 13.06
2055 11 56.05 10.12 -0.2 4.96 35.21 10.32
2055 12 216.36 4.33 -5.77 -0.72 20.19 10.1
2056 1 85.99 0.09 -10.98 -5.44 14.77 11.07
2056 2 106.27 2.76 -8.29 -2.76 21.14 11.05
2056 3 114.85 7.69 -2.55 2.57 42.5 10.24
2056 4 90.27 13.15 0.45 6.8 75.53 12.7
2056 5 93.78 19.37 6.73 13.05 118.98 12.64
2056 6 76.23 25.35 11.4 18.38 156.9 13.95
2056 7 47.37 28.91 14.28 21.6 182.71 14.63
2056 8 185.82 27.04 12.68 19.86 160.32 14.35
2056 9 109.24 24.11 10.68 17.39 117.84 13.42
2056 10 63.49 17.02 4.36 10.69 73.02 12.67
2056 11 125.7 9.86 0.5 5.18 34.26 9.36
2056 12 54.64 3.57 -7.03 -1.73 19.59 10.6
2057 1 24.74 1.12 -11.57 -5.22 16.09 12.69
2057 2 23.38 1.65 -11.44 -4.9 19.74 13.09
2057 3 91.12 6.2 -4.38 0.91 39.69 10.59
2057 4 47.72 14.55 0.7 7.63 81.54 13.85
2057 5 66.59 21.14 7.91 14.52 127.51 13.23
2057 6 55.58 25.5 12.75 19.12 153.08 12.75
2057 7 98.64 27.66 15.73 21.69 165.41 11.93
2057 8 133.31 26.85 14.36 20.61 152.55 12.49
2057 9 92.43 23.98 12.08 18.03 112.94 11.89
2057 10 31.09 20.51 5.91 13.21 85.34 14.6
2057 11 65.81 9.68 -1.67 4.01 35.79 11.35
2057 12 164.57 2.07 -7.6 -2.77 17.5 9.67
2058 1 115.78 0.68 -9.46 -4.39 15.35 10.14
2058 2 89.94 2.34 -10.66 -4.16 20.79 13
2058 3 48.05 5.46 -6.57 -0.55 38.99 12.03
2058 4 78.47 16.7 3.19 9.95 87.88 13.51
2058 5 129.58 20.18 6.27 13.23 125.53 13.91
2058 6 120.94 26.07 13 19.53 156.71 13.07
2058 7 52.47 28.54 15.5 22.02 174.35 13.04
2058 8 60.85 26.73 13.15 19.94 156.24 13.57
2058 9 70.2 23.32 10.14 16.73 114.6 13.19
2058 10 71.86 16.81 3.8 10.3 73.01 13.01
2058 11 39.28 9.77 -1.24 4.27 35.68 11.01
2058 12 64 3.56 -7.37 -1.91 19.67 10.93
2059 1 115.36 0.5 -8.57 -4.04 14.89 9.07
2059 2 86.41 2.96 -8.13 -2.59 22.18 11.09
2059 3 82.88 7.57 -4.27 1.65 44.15 11.85
2059 4 123.54 12.95 0.65 6.8 74.94 12.3
2059 5 56.91 21.45 6.73 14.09 133.36 14.72
2059 6 62.46 25.86 12.42 19.14 157.53 13.44
2059 7 27.32 28.28 13.59 20.94 179.8 14.69
2059 8 60.92 27.18 14.3 20.74 154.86 12.89
2059 9 182.24 22.96 11.25 17.1 108.35 11.71
2059 10 50.76 17.75 2.69 10.22 77.49 15.07
2059 11 138.6 10.27 1.34 5.8 33.97 8.93
2059 12 93.27 4.78 -4.32 0.23 20.24 9.11
2060 1 96.96 1.04 -9.75 -4.36 15.86 10.78
2060 2 53.26 1.84 -11.8 -4.98 20.02 13.64
2060 3 97.83 6.07 -4.73 0.67 39.59 10.8
2060 4 53.74 14.55 1.19 7.87 80.86 13.37
2060 5 125.31 20.05 5.95 13 125.41 14.09
2060 6 67.84 25.27 11.53 18.4 155.81 13.74
2060 7 101.62 28.57 15.27 21.92 175.61 13.3
2060 8 60.84 28.53 14.89 21.71 163.98 13.64
2060 9 72.86 23.58 10.27 16.92 115.75 13.3
2060 10 42.87 18.15 4.06 11.11 78.13 14.09
2060 11 82.79 11.9 0.85 6.38 39.15 11.05
2060 12 131.77 3.39 -7 -1.81 19.31 10.39
2061 1 62.67 2.48 -7.82 -2.67 17.45 10.31
2061 2 67.48 1.38 -10.53 -4.57 19.3 11.91
2061 3 82.85 5.98 -4.77 0.6 39.34 10.75
2061 4 49.93 14.24 1.38 7.81 79.12 12.85
2061 5 33.63 20.86 6.1 13.48 130.34 14.76
2061 6 117.77 25.46 11.64 18.55 156.87 13.81
2061 7 68.94 28.26 13.67 20.96 179.57 14.6
2061 8 147.13 27.74 14.25 20.99 160.11 13.49
2061 9 108.61 23.48 9.9 16.69 116.18 13.58
2061 10 117.29 18.94 5.59 12.27 79.1 13.35
2061 11 134.92 10.88 1.39 6.14 35.92 9.48
2061 12 74.47 1.99 -7.32 -2.67 17.29 9.31
2062 1 49.08 2.33 -8.36 -3.01 17.37 10.69
2062 2 53.08 3.55 -6.96 -1.7 22.06 10.51
2062 3 224.43 7.85 -3.96 1.94 44.23 11.81
2062 4 24.98 15.17 0.7 7.94 84.37 14.47
2062 5 107.67 20.59 6.37 13.48 127.91 14.21
2062 6 109.41 25.65 12.8 19.22 154.08 12.85
2062 7 55.08 28.01 15.11 21.56 171.45 12.91
2062 8 40.39 27.76 13.25 20.5 163.94 14.51
2062 9 59.35 22.54 8.73 15.64 113.54 13.81
2062 10 105.09 18.76 5.81 12.29 77.94 12.94
2062 11 214.26 10.52 -0.25 5.14 36.67 10.76
2062 12 82.51 3.62 -5.7 -1.04 19.15 9.32
2063 1 64.56 2.36 -8.69 -3.16 17.49 11.05
2063 2 87.53 0.79 -11.6 -5.4 19.11 12.39
2063 3 88.6 5.66 -4.56 0.55 38.7 10.23
2063 4 110.09 14.85 1.64 8.24 82.23 13.21
2063 5 86.88 20.45 6.68 13.57 126.82 13.76
2063 6 67.96 26.35 11.67 19.01 164.06 14.68
2063 7 75.6 28.21 15.58 21.89 170.84 12.63
2063 8 55.13 27.39 14.29 20.84 156.57 13.11
2063 9 94.26 23.96 10.07 17.01 117.69 13.89
2063 10 161.3 18.85 4.53 11.69 79.5 14.32
2063 11 75.11 10.19 -1.11 4.54 36.18 11.31
2063 12 44.55 0.56 -9.56 -4.5 15.74 10.12
2064 1 140.83 0.54 -10.19 -4.83 15.27 10.73
2064 2 122.03 2.53 -9.24 -3.36 20.95 11.77
2064 3 78.97 7.42 -3.85 1.79 42.88 11.27
2064 4 95.39 15.13 1.44 8.28 83.14 13.69
2064 5 51.73 20.68 5.97 13.33 129.5 14.71
2064 6 99.63 26.65 12.3 19.47 163.98 14.35
2064 7 207.05 27.59 15.41 21.5 166.3 12.18
2064 8 216 27.19 13.95 20.57 156.93 13.25
2064 9 126.83 24.31 10.81 17.56 118.71 13.49
2064 10 52.7 18.36 5.05 11.71 77.5 13.3
2064 11 148.85 10.57 0.4 5.49 36.19 10.17
2064 12 98.09 3.68 -6.25 -1.28 19.5 9.94
2065 1 68.06 0.87 -9.55 -4.33 15.62 10.42
2065 2 55.9 0.12 -10.37 -5.13 17.35 10.49
2065 3 89.26 6.44 -5.43 0.51 41.13 11.87
2065 4 65.12 14.14 2.56 8.35 76.7 11.58
2065 5 54.8 20.1 5.94 13.02 125.81 14.16
2065 6 76.75 27.04 13.49 20.27 162.75 13.56
2065 7 178.52 28.58 14.99 21.78 176.99 13.6
2065 8 52.91 27.74 13.86 20.8 161.62 13.88
2065 9 18.45 23.5 10.09 16.79 115.79 13.41
2065 10 69.87 18.08 4.18 11.13 77.68 13.9
2065 11 147.58 11.76 1.38 6.57 38.25 10.38
2065 12 105.98 2.17 -7.53 -2.68 17.63 9.7
2066 1 142.77 1.81 -7.65 -2.92 16.44 9.46
2066 2 112.78 2.22 -8.7 -3.24 20.35 10.93
2066 3 98.8 8.67 -4.08 2.3 46.78 12.75
2066 4 65.39 15.81 1.23 8.52 86.57 14.57
2066 5 69.63 22.2 8.26 15.23 133.8 13.95
2066 6 84.2 26.44 13.21 19.82 158.94 13.24
2066 7 103.55 28.86 16.13 22.49 174.29 12.73
2066 8 161.66 28.32 14.8 21.56 162.66 13.53
2066 9 68.69 23.59 10.05 16.82 116.44 13.54
2066 10 113.35 16.62 2.82 9.72 73.63 13.81
2066 11 39.82 10.25 -1.8 4.23 37.26 12.05
2066 12 45.13 2.4 -8.2 -2.9 18.16 10.6
2067 1 31.49 0.02 -11.43 -5.71 14.7 11.45
2067 2 22.56 1.32 -11.31 -5 19.93 12.63
2067 3 158.9 6.68 -3.57 1.55 40.85 10.24
2067 4 57.38 15.56 2.59 9.08 84.08 12.96
2067 5 70 20.84 6.62 13.73 129.57 14.22
2067 6 106.39 24.99 12.35 18.67 150.79 12.64
2067 7 149.06 28.37 16.15 22.26 169.62 12.22
2067 8 87.26 27.8 14.28 21.04 159.84 13.52
2067 9 37.84 25.8 11.51 18.65 125.02 14.29
2067 10 96.84 18.03 4.76 11.4 75.77 13.27
2067 11 105.41 11.3 -0.59 5.35 38.45 11.89
2067 12 164.43 4.18 -5.26 -0.54 19.73 9.44
2068 1 24.98 -0.24 -11.14 -5.69 14.37 10.9
2068 2 35.43 2.9 -8.32 -2.71 21.36 11.21
2068 3 42.7 6.9 -5 0.95 42.17 11.9
2068 4 54.71 15.92 1.58 8.75 86.65 14.34
2068 5 156.54 20.76 8.35 14.56 123.67 12.42
2068 6 37.02 25.52 11.83 18.68 156.75 13.7
2068 7 65.01 28.59 13.92 21.26 181.41 14.67
2068 8 58.27 27.57 14.04 20.81 159.55 13.53
2068 9 191.2 22.48 10.3 16.39 109.05 12.18
2068 10 123.77 18.54 4.53 11.54 79.05 14
2068 11 38.11 11.45 -0.4 5.53 39.13 11.85
2068 12 139.04 2.36 -7.42 -2.53 17.88 9.78
2069 1 132.34 -1.06 -10.43 -5.75 13.26 9.37
2069 2 48.48 3.43 -7.43 -2 22.01 10.86
2069 3 104.26 7.3 -3.61 1.84 42.3 10.91
2069 4 45.28 15.7 1.73 8.71 85.41 13.98
2069 5 133.72 19.63 7.05 13.34 119.82 12.58
2069 6 135.6 24.47 11.52 17.99 149.52 12.94
2069 7 63.71 28.8 15.53 22.17 176.57 13.28
2069 8 57.49 28.32 14.85 21.58 162.41 13.47
2069 9 92.96 23.82 9.49 16.66 119.23 14.33
2069 10 54.13 18.44 5.86 12.15 76.52 12.59
2069 11 113.37 10.3 0.21 5.26 35.69 10.09
2069 12 125.43 3.21 -7.75 -2.27 19.25 10.95
2070 1 53.26 0.65 -10.51 -4.93 15.44 11.16
2070 2 119.66 1.48 -10.33 -4.42 19.43 11.81
2070 3 129.83 7.32 -3.33 2 42.13 10.65
2070 4 9.83 13.68 0.53 7.11 77.83 13.15
2070 5 86.25 21.31 6.44 13.88 132.49 14.87
2070 6 123.11 26.48 12.6 19.54 161.52 13.88
2070 7 62.52 28.57 15.4 21.99 175.07 13.17
2070 8 35.44 27.3 13.23 20.27 160.46 14.07
2070 9 29.39 24.6 9.51 17.06 123.77 15.09
2070 10 127.17 17.04 3.8 10.42 73.96 13.24
2070 11 119.47 9.04 -3.15 2.94 35.3 12.2
2070 12 97.22 1.86 -8.63 -3.38 17.48 10.48
2071 1 41.04 1.85 -8.61 -3.38 16.76 10.46
2071 2 40.17 -0.77 -11.56 -6.16 16.74 10.79
2071 3 143.71 6.49 -4.56 0.96 41.13 11.05
2071 4 32.63 13.92 -0.19 6.87 80.52 14.12
2071 5 93.78 20.48 6.25 13.37 128.16 14.23
2071 6 89.29 26.48 12.79 19.63 161.13 13.7
2071 7 48.06 28.73 13.85 21.29 182.65 14.88
2071 8 78.05 27.57 14.84 21.21 155.77 12.73
2071 9 65.21 24.21 10.3 17.26 118.61 13.91
2071 10 122.79 17.27 3.08 10.18 75.09 14.19
2071 11 75.57 10.56 -1.04 4.76 37 11.59
2071 12 75.46 1.55 -8.48 -3.47 16.89 10.03
2072 1 93.42 0.65 -10.48 -4.91 15.45 11.13
2072 2 104.32 -0.49 -13.29 -6.89 16.5 12.8
2072 3 41.87 5.19 -5.78 -0.29 37.81 10.97
2072 4 59.35 13.5 1.22 7.36 75.99 12.29
2072 5 98 21.16 5.66 13.41 133.32 15.51
2072 6 85.97 25.68 12.97 19.33 153.72 12.72
2072 7 107.19 28.14 14.89 21.52 173.54 13.25
2072 8 67.42 28.85 14.91 21.88 166.44 13.94
2072 9 93.76 24.76 11.23 18 120.36 13.53
2072 10 58.71 19.09 5.04 12.07 80.6 14.04
2072 11 104.22 12.5 0.25 6.37 41.22 12.25
2072 12 49.87 4.7 -5.98 -0.64 21 10.68
2073 1 32.83 0.42 -9.97 -4.78 15.08 10.38
2073 2 31.2 2.62 -9.27 -3.32 21.11 11.89
2073 3 55.92 6.02 -4.23 0.89 39.02 10.25
2073 4 66.69 14.47 0.43 7.45 81.55 14.05
2073 5 87.36 19 5.52 12.26 119.71 13.48
2073 6 65.28 26.64 12.57 19.6 162.93 14.08
2073 7 100.49 28.89 15.85 22.37 175.89 13.04
2073 8 181.3 26.71 13.36 20.03 155.31 13.34
2073 9 11.35 25.21 9.4 17.31 127.59 15.81
2073 10 61.94 16.14 3.43 9.78 70.82 12.71
2073 11 47.36 11.33 -0.74 5.3 39.1 12.07
2073 12 111.55 2.04 -7.32 -2.64 17.37 9.37
2074 1 78.29 1.83 -9.23 -3.7 16.84 11.05
2074 2 47.18 2.56 -8.61 -3.02 20.88 11.17
2074 3 35.04 7.51 -4.3 1.6 43.46 11.8
2074 4 106.73 13.2 0.83 7.01 75.19 12.37
2074 5 277.19 19.18 8.33 13.75 112.74 10.85
2074 6 118.7 25.39 13.05 19.22 151.03 12.35
2074 7 241.15 27.44 14.28 20.86 170.08 13.16
2074 8 127.21 26.99 13.12 20.06 158.45 13.87
2074 9 24.07 24.25 9.51 16.88 121.67 14.74
2074 10 52.92 17.36 2.61 9.98 76.84 14.75
2074 11 96.83 11.17 0.19 5.68 37.92 10.98
2074 12 50.87 2.63 -7.28 -2.33 18.24 9.91
2075 1 123.11 2.63 -8.67 -3.02 17.85 11.3
2075 2 56.63 2.78 -9.64 -3.43 22.17 12.42
2075 3 157.6 7.33 -4.43 1.45 43.55 11.77
2075 4 85.74 12.86 0.86 6.86 74.21 12
2075 5 49.3 21.69 6.24 13.97 136.09 15.45
2075 6 32.33 25.65 11.42 18.54 159.43 14.23
2075 7 56.98 28.55 15.5 22.02 174.26 13.05
2075 8 115.7 27.45 14.75 21.1 155.13 12.7
2075 9 144.43 23.2 11.25 17.22 109.83 11.95
2075 10 128.21 17.8 2.98 10.39 77.33 14.82
2075 11 40.9 11.36 0.26 5.81 37.89 11.1
2075 12 18.8 0.85 -8.05 -3.6 15.76 8.9
2076 1 50.45 0.67 -9.88 -4.6 15.4 10.55
2076 2 68.67 2.66 -8.32 -2.83 20.97 10.98
2076 3 65.04 5.5 -6.04 -0.27 38.83 11.55
2076 4 95.39 14.32 0.73 7.52 80.45 13.59
2076 5 100.07 21.11 8.82 14.97 124.61 12.29
2076 6 106.14 25.72 12.89 19.31 154.33 12.83
2076 7 31.1 28.87 14.9 21.88 179.85 13.97
2076 8 58.8 27.87 14.77 21.32 159.08 13.1
2076 9 163.79 23.94 10.5 17.22 117.35 13.44
2076 10 115.27 17.59 3.73 10.66 76.3 13.86
2076 11 104.4 9.64 -1 4.32 35.16 10.64
2076 12 85.44 4.18 -7.05 -1.44 20.53 11.22
2077 1 107.55 1.56 -10.33 -4.39 16.62 11.9
2077 2 63.04 3.06 -8.56 -2.75 21.69 11.62
2077 3 127.97 7.85 -4.96 1.44 44.9 12.81
2077 4 177.59 13.72 1.36 7.54 76.75 12.36
2077 5 27.92 22.18 6.09 14.13 138.98 16.1
2077 6 105.75 26.75 13.01 19.88 162.18 13.74
2077 7 82.04 28.62 14.35 21.49 179.95 14.27
2077 8 57.63 28.5 13.91 21.2 167.4 14.59
2077 9 156.57 22.65 9.98 16.32 111 12.67
2077 10 43.84 17.75 4.28 11.02 76.18 13.48
2077 11 35.2 9.39 -1.4 3.99 34.88 10.79
2077 12 83.52 3.5 -6.75 -1.62 19.4 10.25
2078 1 68.99 0.65 -10.78 -5.07 15.46 11.42
2078 2 66.5 1.56 -10.13 -4.28 19.54 11.69
2078 3 128.22 8.04 -4.31 1.87 45.06 12.35
2078 4 131.61 13.83 1.74 7.79 76.68 12.1
2078 5 82.97 20.05 7.85 13.95 120.31 12.2
2078 6 116.53 25.79 11.69 18.74 159.27 14.09
2078 7 111.64 28.6 15.56 22.08 174.66 13.05
2078 8 34.76 27.94 14.49 21.22 160.81 13.45
2078 9 32.78 25.75 10.29 18.02 128.73 15.46
2078 10 146.83 17.08 5.03 11.05 72.13 12.05
2078 11 186.55 9.52 0.29 4.91 33.62 9.23
2078 12 143.8 5.11 -5.54 -0.21 21.5 10.65
2079 1 106.99 0.56 -10.15 -4.79 15.3 10.72
2079 2 79.12 2.18 -9.17 -3.49 21.11 11.35
2079 3 24.4 6.67 -6.64 0.01 42.86 13.31
2079 4 132.33 13.77 1.45 7.61 77.47 12.31
2079 5 64.55 21.13 6.86 14 130.95 14.28
2079 6 139.66 25.13 11.3 18.22 155.78 13.83
2079 7 29.12 29.18 15.09 22.13 181.54 14.09
2079 8 99.2 27.69 13.58 20.64 161.61 14.11
2079 9 41.49 24.09 9.38 16.74 120.15 14.7
2079 10 102.19 16.29 2.94 9.61 71.34 13.34
2079 11 118.4 11.12 2.01 6.56 35.43 9.12
2079 12 119.33 3.61 -6.66 -1.53 19.4 10.27
2080 1 57.09 0.87 -9.16 -4.15 15.53 10.03
2080 2 11.67 0.45 -11.75 -5.65 17.95 12.2
2080 3 96.56 5.87 -6.22 -0.17 39.95 12.09
2080 4 76.78 14.25 2.3 8.27 77.64 11.94
2080 5 172.39 19.84 6.75 13.29 122 13.08
2080 6 56.76 26.36 12.19 19.27 162.01 14.16
2080 7 148.84 28.8 16.22 22.51 173.34 12.58
2080 8 125.83 27.7 13.58 20.64 162.32 14.12
2080 9 77.87 22.74 9 15.87 114.06 13.74
2080 10 141.78 17.86 5.05 11.46 75.41 12.81
2080 11 156.28 10.23 0.99 5.61 34.68 9.24
2080 12 43.28 2.7 -7.16 -2.23 18.31 9.86
