Year	Month	Days	Jday	Seasons
1950	1	31	1	1
1950	2	28	32	1
1950	3	31	60	2
1950	4	30	91	2
1950	5	31	121	2
1950	6	30	152	3
1950	7	31	182	3
1950	8	31	213	3
1950	9	30	244	4
1950	10	31	274	4
1950	11	30	305	4
1950	12	31	335	1
1951	1	31	1	1
1951	2	28	32	1
1951	3	31	60	2
1951	4	30	91	2
1951	5	31	121	2
1951	6	30	152	3
1951	7	31	182	3
1951	8	31	213	3
1951	9	30	244	4
1951	10	31	274	4
1951	11	30	305	4
1951	12	31	335	1
1952	1	31	1	1
1952	2	29	32	1
1952	3	31	61	2
1952	4	30	92	2
1952	5	31	122	2
1952	6	30	153	3
1952	7	31	183	3
1952	8	31	214	3
1952	9	30	245	4
1952	10	31	275	4
1952	11	30	306	4
1952	12	31	336	1
1953	1	31	1	1
1953	2	28	32	1
1953	3	31	60	2
1953	4	30	91	2
1953	5	31	121	2
1953	6	30	152	3
1953	7	31	182	3
1953	8	31	213	3
1953	9	30	244	4
1953	10	31	274	4
1953	11	30	305	4
1953	12	31	335	1
1954	1	31	1	1
1954	2	28	32	1
1954	3	31	60	2
1954	4	30	91	2
1954	5	31	121	2
1954	6	30	152	3
1954	7	31	182	3
1954	8	31	213	3
1954	9	30	244	4
1954	10	31	274	4
1954	11	30	305	4
1954	12	31	335	1
1955	1	31	1	1
1955	2	28	32	1
1955	3	31	60	2
1955	4	30	91	2
1955	5	31	121	2
1955	6	30	152	3
1955	7	31	182	3
1955	8	31	213	3
1955	9	30	244	4
1955	10	31	274	4
1955	11	30	305	4
1955	12	31	335	1
1956	1	31	1	1
1956	2	29	32	1
1956	3	31	61	2
1956	4	30	92	2
1956	5	31	122	2
1956	6	30	153	3
1956	7	31	183	3
1956	8	31	214	3
1956	9	30	245	4
1956	10	31	275	4
1956	11	30	306	4
1956	12	31	336	1
1957	1	31	1	1
1957	2	28	32	1
1957	3	31	60	2
1957	4	30	91	2
1957	5	31	121	2
1957	6	30	152	3
1957	7	31	182	3
1957	8	31	213	3
1957	9	30	244	4
1957	10	31	274	4
1957	11	30	305	4
1957	12	31	335	1
1958	1	31	1	1
1958	2	28	32	1
1958	3	31	60	2
1958	4	30	91	2
1958	5	31	121	2
1958	6	30	152	3
1958	7	31	182	3
1958	8	31	213	3
1958	9	30	244	4
1958	10	31	274	4
1958	11	30	305	4
1958	12	31	335	1
1959	1	31	1	1
1959	2	28	32	1
1959	3	31	60	2
1959	4	30	91	2
1959	5	31	121	2
1959	6	30	152	3
1959	7	31	182	3
1959	8	31	213	3
1959	9	30	244	4
1959	10	31	274	4
1959	11	30	305	4
1959	12	31	335	1
1960	1	31	1	1
1960	2	29	32	1
1960	3	31	61	2
1960	4	30	92	2
1960	5	31	122	2
1960	6	30	153	3
1960	7	31	183	3
1960	8	31	214	3
1960	9	30	245	4
1960	10	31	275	4
1960	11	30	306	4
1960	12	31	336	1
1961	1	31	1	1
1961	2	28	32	1
1961	3	31	60	2
1961	4	30	91	2
1961	5	31	121	2
1961	6	30	152	3
1961	7	31	182	3
1961	8	31	213	3
1961	9	30	244	4
1961	10	31	274	4
1961	11	30	305	4
1961	12	31	335	1
1962	1	31	1	1
1962	2	28	32	1
1962	3	31	60	2
1962	4	30	91	2
1962	5	31	121	2
1962	6	30	152	3
1962	7	31	182	3
1962	8	31	213	3
1962	9	30	244	4
1962	10	31	274	4
1962	11	30	305	4
1962	12	31	335	1
1963	1	31	1	1
1963	2	28	32	1
1963	3	31	60	2
1963	4	30	91	2
1963	5	31	121	2
1963	6	30	152	3
1963	7	31	182	3
1963	8	31	213	3
1963	9	30	244	4
1963	10	31	274	4
1963	11	30	305	4
1963	12	31	335	1
1964	1	31	1	1
1964	2	29	32	1
1964	3	31	61	2
1964	4	30	92	2
1964	5	31	122	2
1964	6	30	153	3
1964	7	31	183	3
1964	8	31	214	3
1964	9	30	245	4
1964	10	31	275	4
1964	11	30	306	4
1964	12	31	336	1
1965	1	31	1	1
1965	2	28	32	1
1965	3	31	60	2
1965	4	30	91	2
1965	5	31	121	2
1965	6	30	152	3
1965	7	31	182	3
1965	8	31	213	3
1965	9	30	244	4
1965	10	31	274	4
1965	11	30	305	4
1965	12	31	335	1
1966	1	31	1	1
1966	2	28	32	1
1966	3	31	60	2
1966	4	30	91	2
1966	5	31	121	2
1966	6	30	152	3
1966	7	31	182	3
1966	8	31	213	3
1966	9	30	244	4
1966	10	31	274	4
1966	11	30	305	4
1966	12	31	335	1
1967	1	31	1	1
1967	2	28	32	1
1967	3	31	60	2
1967	4	30	91	2
1967	5	31	121	2
1967	6	30	152	3
1967	7	31	182	3
1967	8	31	213	3
1967	9	30	244	4
1967	10	31	274	4
1967	11	30	305	4
1967	12	31	335	1
1968	1	31	1	1
1968	2	29	32	1
1968	3	31	61	2
1968	4	30	92	2
1968	5	31	122	2
1968	6	30	153	3
1968	7	31	183	3
1968	8	31	214	3
1968	9	30	245	4
1968	10	31	275	4
1968	11	30	306	4
1968	12	31	336	1
1969	1	31	1	1
1969	2	28	32	1
1969	3	31	60	2
1969	4	30	91	2
1969	5	31	121	2
1969	6	30	152	3
1969	7	31	182	3
1969	8	31	213	3
1969	9	30	244	4
1969	10	31	274	4
1969	11	30	305	4
1969	12	31	335	1
1970	1	31	1	1
1970	2	28	32	1
1970	3	31	60	2
1970	4	30	91	2
1970	5	31	121	2
1970	6	30	152	3
1970	7	31	182	3
1970	8	31	213	3
1970	9	30	244	4
1970	10	31	274	4
1970	11	30	305	4
1970	12	31	335	1
1971	1	31	1	1
1971	2	28	32	1
1971	3	31	60	2
1971	4	30	91	2
1971	5	31	121	2
1971	6	30	152	3
1971	7	31	182	3
1971	8	31	213	3
1971	9	30	244	4
1971	10	31	274	4
1971	11	30	305	4
1971	12	31	335	1
1972	1	31	1	1
1972	2	29	32	1
1972	3	31	61	2
1972	4	30	92	2
1972	5	31	122	2
1972	6	30	153	3
1972	7	31	183	3
1972	8	31	214	3
1972	9	30	245	4
1972	10	31	275	4
1972	11	30	306	4
1972	12	31	336	1
1973	1	31	1	1
1973	2	28	32	1
1973	3	31	60	2
1973	4	30	91	2
1973	5	31	121	2
1973	6	30	152	3
1973	7	31	182	3
1973	8	31	213	3
1973	9	30	244	4
1973	10	31	274	4
1973	11	30	305	4
1973	12	31	335	1
1974	1	31	1	1
1974	2	28	32	1
1974	3	31	60	2
1974	4	30	91	2
1974	5	31	121	2
1974	6	30	152	3
1974	7	31	182	3
1974	8	31	213	3
1974	9	30	244	4
1974	10	31	274	4
1974	11	30	305	4
1974	12	31	335	1
1975	1	31	1	1
1975	2	28	32	1
1975	3	31	60	2
1975	4	30	91	2
1975	5	31	121	2
1975	6	30	152	3
1975	7	31	182	3
1975	8	31	213	3
1975	9	30	244	4
1975	10	31	274	4
1975	11	30	305	4
1975	12	31	335	1
1976	1	31	1	1
1976	2	29	32	1
1976	3	31	61	2
1976	4	30	92	2
1976	5	31	122	2
1976	6	30	153	3
1976	7	31	183	3
1976	8	31	214	3
1976	9	30	245	4
1976	10	31	275	4
1976	11	30	306	4
1976	12	31	336	1
1977	1	31	1	1
1977	2	28	32	1
1977	3	31	60	2
1977	4	30	91	2
1977	5	31	121	2
1977	6	30	152	3
1977	7	31	182	3
1977	8	31	213	3
1977	9	30	244	4
1977	10	31	274	4
1977	11	30	305	4
1977	12	31	335	1
1978	1	31	1	1
1978	2	28	32	1
1978	3	31	60	2
1978	4	30	91	2
1978	5	31	121	2
1978	6	30	152	3
1978	7	31	182	3
1978	8	31	213	3
1978	9	30	244	4
1978	10	31	274	4
1978	11	30	305	4
1978	12	31	335	1
1979	1	31	1	1
1979	2	28	32	1
1979	3	31	60	2
1979	4	30	91	2
1979	5	31	121	2
1979	6	30	152	3
1979	7	31	182	3
1979	8	31	213	3
1979	9	30	244	4
1979	10	31	274	4
1979	11	30	305	4
1979	12	31	335	1
1980	1	31	1	1
1980	2	29	32	1
1980	3	31	61	2
1980	4	30	92	2
1980	5	31	122	2
1980	6	30	153	3
1980	7	31	183	3
1980	8	31	214	3
1980	9	30	245	4
1980	10	31	275	4
1980	11	30	306	4
1980	12	31	336	1
1981	1	31	1	1
1981	2	28	32	1
1981	3	31	60	2
1981	4	30	91	2
1981	5	31	121	2
1981	6	30	152	3
1981	7	31	182	3
1981	8	31	213	3
1981	9	30	244	4
1981	10	31	274	4
1981	11	30	305	4
1981	12	31	335	1
1982	1	31	1	1
1982	2	28	32	1
1982	3	31	60	2
1982	4	30	91	2
1982	5	31	121	2
1982	6	30	152	3
1982	7	31	182	3
1982	8	31	213	3
1982	9	30	244	4
1982	10	31	274	4
1982	11	30	305	4
1982	12	31	335	1
1983	1	31	1	1
1983	2	28	32	1
1983	3	31	60	2
1983	4	30	91	2
1983	5	31	121	2
1983	6	30	152	3
1983	7	31	182	3
1983	8	31	213	3
1983	9	30	244	4
1983	10	31	274	4
1983	11	30	305	4
1983	12	31	335	1
1984	1	31	1	1
1984	2	29	32	1
1984	3	31	61	2
1984	4	30	92	2
1984	5	31	122	2
1984	6	30	153	3
1984	7	31	183	3
1984	8	31	214	3
1984	9	30	245	4
1984	10	31	275	4
1984	11	30	306	4
1984	12	31	336	1
1985	1	31	1	1
1985	2	28	32	1
1985	3	31	60	2
1985	4	30	91	2
1985	5	31	121	2
1985	6	30	152	3
1985	7	31	182	3
1985	8	31	213	3
1985	9	30	244	4
1985	10	31	274	4
1985	11	30	305	4
1985	12	31	335	1
1986	1	31	1	1
1986	2	28	32	1
1986	3	31	60	2
1986	4	30	91	2
1986	5	31	121	2
1986	6	30	152	3
1986	7	31	182	3
1986	8	31	213	3
1986	9	30	244	4
1986	10	31	274	4
1986	11	30	305	4
1986	12	31	335	1
1987	1	31	1	1
1987	2	28	32	1
1987	3	31	60	2
1987	4	30	91	2
1987	5	31	121	2
1987	6	30	152	3
1987	7	31	182	3
1987	8	31	213	3
1987	9	30	244	4
1987	10	31	274	4
1987	11	30	305	4
1987	12	31	335	1
1988	1	31	1	1
1988	2	29	32	1
1988	3	31	61	2
1988	4	30	92	2
1988	5	31	122	2
1988	6	30	153	3
1988	7	31	183	3
1988	8	31	214	3
1988	9	30	245	4
1988	10	31	275	4
1988	11	30	306	4
1988	12	31	336	1
1989	1	31	1	1
1989	2	28	32	1
1989	3	31	60	2
1989	4	30	91	2
1989	5	31	121	2
1989	6	30	152	3
1989	7	31	182	3
1989	8	31	213	3
1989	9	30	244	4
1989	10	31	274	4
1989	11	30	305	4
1989	12	31	335	1
1990	1	31	1	1
1990	2	28	32	1
1990	3	31	60	2
1990	4	30	91	2
1990	5	31	121	2
1990	6	30	152	3
1990	7	31	182	3
1990	8	31	213	3
1990	9	30	244	4
1990	10	31	274	4
1990	11	30	305	4
1990	12	31	335	1
1991	1	31	1	1
1991	2	28	32	1
1991	3	31	60	2
1991	4	30	91	2
1991	5	31	121	2
1991	6	30	152	3
1991	7	31	182	3
1991	8	31	213	3
1991	9	30	244	4
1991	10	31	274	4
1991	11	30	305	4
1991	12	31	335	1
1992	1	31	1	1
1992	2	29	32	1
1992	3	31	61	2
1992	4	30	92	2
1992	5	31	122	2
1992	6	30	153	3
1992	7	31	183	3
1992	8	31	214	3
1992	9	30	245	4
1992	10	31	275	4
1992	11	30	306	4
1992	12	31	336	1
1993	1	31	1	1
1993	2	28	32	1
1993	3	31	60	2
1993	4	30	91	2
1993	5	31	121	2
1993	6	30	152	3
1993	7	31	182	3
1993	8	31	213	3
1993	9	30	244	4
1993	10	31	274	4
1993	11	30	305	4
1993	12	31	335	1
1994	1	31	1	1
1994	2	28	32	1
1994	3	31	60	2
1994	4	30	91	2
1994	5	31	121	2
1994	6	30	152	3
1994	7	31	182	3
1994	8	31	213	3
1994	9	30	244	4
1994	10	31	274	4
1994	11	30	305	4
1994	12	31	335	1
1995	1	31	1	1
1995	2	28	32	1
1995	3	31	60	2
1995	4	30	91	2
1995	5	31	121	2
1995	6	30	152	3
1995	7	31	182	3
1995	8	31	213	3
1995	9	30	244	4
1995	10	31	274	4
1995	11	30	305	4
1995	12	31	335	1
1996	1	31	1	1
1996	2	29	32	1
1996	3	31	61	2
1996	4	30	92	2
1996	5	31	122	2
1996	6	30	153	3
1996	7	31	183	3
1996	8	31	214	3
1996	9	30	245	4
1996	10	31	275	4
1996	11	30	306	4
1996	12	31	336	1
1997	1	31	1	1
1997	2	28	32	1
1997	3	31	60	2
1997	4	30	91	2
1997	5	31	121	2
1997	6	30	152	3
1997	7	31	182	3
1997	8	31	213	3
1997	9	30	244	4
1997	10	31	274	4
1997	11	30	305	4
1997	12	31	335	1
1998	1	31	1	1
1998	2	28	32	1
1998	3	31	60	2
1998	4	30	91	2
1998	5	31	121	2
1998	6	30	152	3
1998	7	31	182	3
1998	8	31	213	3
1998	9	30	244	4
1998	10	31	274	4
1998	11	30	305	4
1998	12	31	335	1
1999	1	31	1	1
1999	2	28	32	1
1999	3	31	60	2
1999	4	30	91	2
1999	5	31	121	2
1999	6	30	152	3
1999	7	31	182	3
1999	8	31	213	3
1999	9	30	244	4
1999	10	31	274	4
1999	11	30	305	4
1999	12	31	335	1
2000	1	31	1	1
2000	2	29	32	1
2000	3	31	61	2
2000	4	30	92	2
2000	5	31	122	2
2000	6	30	153	3
2000	7	31	183	3
2000	8	31	214	3
2000	9	30	245	4
2000	10	31	275	4
2000	11	30	306	4
2000	12	31	336	1
2001	1	31	1	1
2001	2	28	32	1
2001	3	31	60	2
2001	4	30	91	2
2001	5	31	121	2
2001	6	30	152	3
2001	7	31	182	3
2001	8	31	213	3
2001	9	30	244	4
2001	10	31	274	4
2001	11	30	305	4
2001	12	31	335	1
2002	1	31	1	1
2002	2	28	32	1
2002	3	31	60	2
2002	4	30	91	2
2002	5	31	121	2
2002	6	30	152	3
2002	7	31	182	3
2002	8	31	213	3
2002	9	30	244	4
2002	10	31	274	4
2002	11	30	305	4
2002	12	31	335	1
2003	1	31	1	1
2003	2	28	32	1
2003	3	31	60	2
2003	4	30	91	2
2003	5	31	121	2
2003	6	30	152	3
2003	7	31	182	3
2003	8	31	213	3
2003	9	30	244	4
2003	10	31	274	4
2003	11	30	305	4
2003	12	31	335	1
2004	1	31	1	1
2004	2	29	32	1
2004	3	31	61	2
2004	4	30	92	2
2004	5	31	122	2
2004	6	30	153	3
2004	7	31	183	3
2004	8	31	214	3
2004	9	30	245	4
2004	10	31	275	4
2004	11	30	306	4
2004	12	31	336	1
2005	1	31	1	1
2005	2	28	32	1
2005	3	31	60	2
2005	4	30	91	2
2005	5	31	121	2
2005	6	30	152	3
2005	7	31	182	3
2005	8	31	213	3
2005	9	30	244	4
2005	10	31	274	4
2005	11	30	305	4
2005	12	31	335	1
2006	1	31	1	1
2006	2	28	32	1
2006	3	31	60	2
2006	4	30	91	2
2006	5	31	121	2
2006	6	30	152	3
2006	7	31	182	3
2006	8	31	213	3
2006	9	30	244	4
2006	10	31	274	4
2006	11	30	305	4
2006	12	31	335	1
2007	1	31	1	1
2007	2	28	32	1
2007	3	31	60	2
2007	4	30	91	2
2007	5	31	121	2
2007	6	30	152	3
2007	7	31	182	3
2007	8	31	213	3
2007	9	30	244	4
2007	10	31	274	4
2007	11	30	305	4
2007	12	31	335	1
2008	1	31	1	1
2008	2	29	32	1
2008	3	31	61	2
2008	4	30	92	2
2008	5	31	122	2
2008	6	30	153	3
2008	7	31	183	3
2008	8	31	214	3
2008	9	30	245	4
2008	10	31	275	4
2008	11	30	306	4
2008	12	31	336	1
2009	1	31	1	1
2009	2	28	32	1
2009	3	31	60	2
2009	4	30	91	2
2009	5	31	121	2
2009	6	30	152	3
2009	7	31	182	3
2009	8	31	213	3
2009	9	30	244	4
2009	10	31	274	4
2009	11	30	305	4
2009	12	31	335	1
2010	1	31	1	1
2010	2	28	32	1
2010	3	31	60	2
2010	4	30	91	2
2010	5	31	121	2
2010	6	30	152	3
2010	7	31	182	3
2010	8	31	213	3
2010	9	30	244	4
2010	10	31	274	4
2010	11	30	305	4
2010	12	31	335	1
2011	1	31	1	1
2011	2	28	32	1
2011	3	31	60	2
2011	4	30	91	2
2011	5	31	121	2
2011	6	30	152	3
2011	7	31	182	3
2011	8	31	213	3
2011	9	30	244	4
2011	10	31	274	4
2011	11	30	305	4
2011	12	31	335	1
2012	1	31	1	1
2012	2	29	32	1
2012	3	31	61	2
2012	4	30	92	2
2012	5	31	122	2
2012	6	30	153	3
2012	7	31	183	3
2012	8	31	214	3
2012	9	30	245	4
2012	10	31	275	4
2012	11	30	306	4
2012	12	31	336	1
2013	1	31	1	1
2013	2	28	32	1
2013	3	31	60	2
2013	4	30	91	2
2013	5	31	121	2
2013	6	30	152	3
2013	7	31	182	3
2013	8	31	213	3
2013	9	30	244	4
2013	10	31	274	4
2013	11	30	305	4
2013	12	31	335	1
2014	1	31	1	1
2014	2	28	32	1
2014	3	31	60	2
2014	4	30	91	2
2014	5	31	121	2
2014	6	30	152	3
2014	7	31	182	3
2014	8	31	213	3
2014	9	30	244	4
2014	10	31	274	4
2014	11	30	305	4
2014	12	31	335	1
2015	1	31	1	1
2015	2	28	32	1
2015	3	31	60	2
2015	4	30	91	2
2015	5	31	121	2
2015	6	30	152	3
2015	7	31	182	3
2015	8	31	213	3
2015	9	30	244	4
2015	10	31	274	4
2015	11	30	305	4
2015	12	31	335	1
2016	1	31	1	1
2016	2	29	32	1
2016	3	31	61	2
2016	4	30	92	2
2016	5	31	122	2
2016	6	30	153	3
2016	7	31	183	3
2016	8	31	214	3
2016	9	30	245	4
2016	10	31	275	4
2016	11	30	306	4
2016	12	31	336	1
2017	1	31	1	1
2017	2	28	32	1
2017	3	31	60	2
2017	4	30	91	2
2017	5	31	121	2
2017	6	30	152	3
2017	7	31	182	3
2017	8	31	213	3
2017	9	30	244	4
2017	10	31	274	4
2017	11	30	305	4
2017	12	31	335	1
2018	1	31	1	1
2018	2	28	32	1
2018	3	31	60	2
2018	4	30	91	2
2018	5	31	121	2
2018	6	30	152	3
2018	7	31	182	3
2018	8	31	213	3
2018	9	30	244	4
2018	10	31	274	4
2018	11	30	305	4
2018	12	31	335	1
2019	1	31	1	1
2019	2	28	32	1
2019	3	31	60	2
2019	4	30	91	2
2019	5	31	121	2
2019	6	30	152	3
2019	7	31	182	3
2019	8	31	213	3
2019	9	30	244	4
2019	10	31	274	4
2019	11	30	305	4
2019	12	31	335	1
2020	1	31	1	1
2020	2	29	32	1
2020	3	31	61	2
2020	4	30	92	2
2020	5	31	122	2
2020	6	30	153	3
2020	7	31	183	3
2020	8	31	214	3
2020	9	30	245	4
2020	10	31	275	4
2020	11	30	306	4
2020	12	31	336	1
2021	1	31	1	1
2021	2	28	32	1
2021	3	31	60	2
2021	4	30	91	2
2021	5	31	121	2
2021	6	30	152	3
2021	7	31	182	3
2021	8	31	213	3
2021	9	30	244	4
2021	10	31	274	4
2021	11	30	305	4
2021	12	31	335	1
2022	1	31	1	1
2022	2	28	32	1
2022	3	31	60	2
2022	4	30	91	2
2022	5	31	121	2
2022	6	30	152	3
2022	7	31	182	3
2022	8	31	213	3
2022	9	30	244	4
2022	10	31	274	4
2022	11	30	305	4
2022	12	31	335	1
2023	1	31	1	1
2023	2	28	32	1
2023	3	31	60	2
2023	4	30	91	2
2023	5	31	121	2
2023	6	30	152	3
2023	7	31	182	3
2023	8	31	213	3
2023	9	30	244	4
2023	10	31	274	4
2023	11	30	305	4
2023	12	31	335	1
2024	1	31	1	1
2024	2	29	32	1
2024	3	31	61	2
2024	4	30	92	2
2024	5	31	122	2
2024	6	30	153	3
2024	7	31	183	3
2024	8	31	214	3
2024	9	30	245	4
2024	10	31	275	4
2024	11	30	306	4
2024	12	31	336	1
2025	1	31	1	1
2025	2	28	32	1
2025	3	31	60	2
2025	4	30	91	2
2025	5	31	121	2
2025	6	30	152	3
2025	7	31	182	3
2025	8	31	213	3
2025	9	30	244	4
2025	10	31	274	4
2025	11	30	305	4
2025	12	31	335	1
2026	1	31	1	1
2026	2	28	32	1
2026	3	31	60	2
2026	4	30	91	2
2026	5	31	121	2
2026	6	30	152	3
2026	7	31	182	3
2026	8	31	213	3
2026	9	30	244	4
2026	10	31	274	4
2026	11	30	305	4
2026	12	31	335	1
2027	1	31	1	1
2027	2	28	32	1
2027	3	31	60	2
2027	4	30	91	2
2027	5	31	121	2
2027	6	30	152	3
2027	7	31	182	3
2027	8	31	213	3
2027	9	30	244	4
2027	10	31	274	4
2027	11	30	305	4
2027	12	31	335	1
2028	1	31	1	1
2028	2	29	32	1
2028	3	31	61	2
2028	4	30	92	2
2028	5	31	122	2
2028	6	30	153	3
2028	7	31	183	3
2028	8	31	214	3
2028	9	30	245	4
2028	10	31	275	4
2028	11	30	306	4
2028	12	31	336	1
2029	1	31	1	1
2029	2	28	32	1
2029	3	31	60	2
2029	4	30	91	2
2029	5	31	121	2
2029	6	30	152	3
2029	7	31	182	3
2029	8	31	213	3
2029	9	30	244	4
2029	10	31	274	4
2029	11	30	305	4
2029	12	31	335	1
2030	1	31	1	1
2030	2	28	32	1
2030	3	31	60	2
2030	4	30	91	2
2030	5	31	121	2
2030	6	30	152	3
2030	7	31	182	3
2030	8	31	213	3
2030	9	30	244	4
2030	10	31	274	4
2030	11	30	305	4
2030	12	31	335	1
2031	1	31	1	1
2031	2	28	32	1
2031	3	31	60	2
2031	4	30	91	2
2031	5	31	121	2
2031	6	30	152	3
2031	7	31	182	3
2031	8	31	213	3
2031	9	30	244	4
2031	10	31	274	4
2031	11	30	305	4
2031	12	31	335	1
2032	1	31	1	1
2032	2	29	32	1
2032	3	31	61	2
2032	4	30	92	2
2032	5	31	122	2
2032	6	30	153	3
2032	7	31	183	3
2032	8	31	214	3
2032	9	30	245	4
2032	10	31	275	4
2032	11	30	306	4
2032	12	31	336	1
2033	1	31	1	1
2033	2	28	32	1
2033	3	31	60	2
2033	4	30	91	2
2033	5	31	121	2
2033	6	30	152	3
2033	7	31	182	3
2033	8	31	213	3
2033	9	30	244	4
2033	10	31	274	4
2033	11	30	305	4
2033	12	31	335	1
2034	1	31	1	1
2034	2	28	32	1
2034	3	31	60	2
2034	4	30	91	2
2034	5	31	121	2
2034	6	30	152	3
2034	7	31	182	3
2034	8	31	213	3
2034	9	30	244	4
2034	10	31	274	4
2034	11	30	305	4
2034	12	31	335	1
2035	1	31	1	1
2035	2	28	32	1
2035	3	31	60	2
2035	4	30	91	2
2035	5	31	121	2
2035	6	30	152	3
2035	7	31	182	3
2035	8	31	213	3
2035	9	30	244	4
2035	10	31	274	4
2035	11	30	305	4
2035	12	31	335	1
2036	1	31	1	1
2036	2	29	32	1
2036	3	31	61	2
2036	4	30	92	2
2036	5	31	122	2
2036	6	30	153	3
2036	7	31	183	3
2036	8	31	214	3
2036	9	30	245	4
2036	10	31	275	4
2036	11	30	306	4
2036	12	31	336	1
2037	1	31	1	1
2037	2	28	32	1
2037	3	31	60	2
2037	4	30	91	2
2037	5	31	121	2
2037	6	30	152	3
2037	7	31	182	3
2037	8	31	213	3
2037	9	30	244	4
2037	10	31	274	4
2037	11	30	305	4
2037	12	31	335	1
2038	1	31	1	1
2038	2	28	32	1
2038	3	31	60	2
2038	4	30	91	2
2038	5	31	121	2
2038	6	30	152	3
2038	7	31	182	3
2038	8	31	213	3
2038	9	30	244	4
2038	10	31	274	4
2038	11	30	305	4
2038	12	31	335	1
2039	1	31	1	1
2039	2	28	32	1
2039	3	31	60	2
2039	4	30	91	2
2039	5	31	121	2
2039	6	30	152	3
2039	7	31	182	3
2039	8	31	213	3
2039	9	30	244	4
2039	10	31	274	4
2039	11	30	305	4
2039	12	31	335	1
2040	1	31	1	1
2040	2	29	32	1
2040	3	31	61	2
2040	4	30	92	2
2040	5	31	122	2
2040	6	30	153	3
2040	7	31	183	3
2040	8	31	214	3
2040	9	30	245	4
2040	10	31	275	4
2040	11	30	306	4
2040	12	31	336	1
2041	1	31	1	1
2041	2	28	32	1
2041	3	31	60	2
2041	4	30	91	2
2041	5	31	121	2
2041	6	30	152	3
2041	7	31	182	3
2041	8	31	213	3
2041	9	30	244	4
2041	10	31	274	4
2041	11	30	305	4
2041	12	31	335	1
2042	1	31	1	1
2042	2	28	32	1
2042	3	31	60	2
2042	4	30	91	2
2042	5	31	121	2
2042	6	30	152	3
2042	7	31	182	3
2042	8	31	213	3
2042	9	30	244	4
2042	10	31	274	4
2042	11	30	305	4
2042	12	31	335	1
2043	1	31	1	1
2043	2	28	32	1
2043	3	31	60	2
2043	4	30	91	2
2043	5	31	121	2
2043	6	30	152	3
2043	7	31	182	3
2043	8	31	213	3
2043	9	30	244	4
2043	10	31	274	4
2043	11	30	305	4
2043	12	31	335	1
2044	1	31	1	1
2044	2	29	32	1
2044	3	31	61	2
2044	4	30	92	2
2044	5	31	122	2
2044	6	30	153	3
2044	7	31	183	3
2044	8	31	214	3
2044	9	30	245	4
2044	10	31	275	4
2044	11	30	306	4
2044	12	31	336	1
2045	1	31	1	1
2045	2	28	32	1
2045	3	31	60	2
2045	4	30	91	2
2045	5	31	121	2
2045	6	30	152	3
2045	7	31	182	3
2045	8	31	213	3
2045	9	30	244	4
2045	10	31	274	4
2045	11	30	305	4
2045	12	31	335	1
2046	1	31	1	1
2046	2	28	32	1
2046	3	31	60	2
2046	4	30	91	2
2046	5	31	121	2
2046	6	30	152	3
2046	7	31	182	3
2046	8	31	213	3
2046	9	30	244	4
2046	10	31	274	4
2046	11	30	305	4
2046	12	31	335	1
2047	1	31	1	1
2047	2	28	32	1
2047	3	31	60	2
2047	4	30	91	2
2047	5	31	121	2
2047	6	30	152	3
2047	7	31	182	3
2047	8	31	213	3
2047	9	30	244	4
2047	10	31	274	4
2047	11	30	305	4
2047	12	31	335	1
2048	1	31	1	1
2048	2	29	32	1
2048	3	31	61	2
2048	4	30	92	2
2048	5	31	122	2
2048	6	30	153	3
2048	7	31	183	3
2048	8	31	214	3
2048	9	30	245	4
2048	10	31	275	4
2048	11	30	306	4
2048	12	31	336	1
2049	1	31	1	1
2049	2	28	32	1
2049	3	31	60	2
2049	4	30	91	2
2049	5	31	121	2
2049	6	30	152	3
2049	7	31	182	3
2049	8	31	213	3
2049	9	30	244	4
2049	10	31	274	4
2049	11	30	305	4
2049	12	31	335	1
2050	1	31	1	1
2050	2	28	32	1
2050	3	31	60	2
2050	4	30	91	2
2050	5	31	121	2
2050	6	30	152	3
2050	7	31	182	3
2050	8	31	213	3
2050	9	30	244	4
2050	10	31	274	4
2050	11	30	305	4
2050	12	31	335	1
2051	1	31	1	1
2051	2	28	32	1
2051	3	31	60	2
2051	4	30	91	2
2051	5	31	121	2
2051	6	30	152	3
2051	7	31	182	3
2051	8	31	213	3
2051	9	30	244	4
2051	10	31	274	4
2051	11	30	305	4
2051	12	31	335	1
2052	1	31	1	1
2052	2	29	32	1
2052	3	31	61	2
2052	4	30	92	2
2052	5	31	122	2
2052	6	30	153	3
2052	7	31	183	3
2052	8	31	214	3
2052	9	30	245	4
2052	10	31	275	4
2052	11	30	306	4
2052	12	31	336	1
2053	1	31	1	1
2053	2	28	32	1
2053	3	31	60	2
2053	4	30	91	2
2053	5	31	121	2
2053	6	30	152	3
2053	7	31	182	3
2053	8	31	213	3
2053	9	30	244	4
2053	10	31	274	4
2053	11	30	305	4
2053	12	31	335	1
2054	1	31	1	1
2054	2	28	32	1
2054	3	31	60	2
2054	4	30	91	2
2054	5	31	121	2
2054	6	30	152	3
2054	7	31	182	3
2054	8	31	213	3
2054	9	30	244	4
2054	10	31	274	4
2054	11	30	305	4
2054	12	31	335	1
2055	1	31	1	1
2055	2	28	32	1
2055	3	31	60	2
2055	4	30	91	2
2055	5	31	121	2
2055	6	30	152	3
2055	7	31	182	3
2055	8	31	213	3
2055	9	30	244	4
2055	10	31	274	4
2055	11	30	305	4
2055	12	31	335	1
2056	1	31	1	1
2056	2	29	32	1
2056	3	31	61	2
2056	4	30	92	2
2056	5	31	122	2
2056	6	30	153	3
2056	7	31	183	3
2056	8	31	214	3
2056	9	30	245	4
2056	10	31	275	4
2056	11	30	306	4
2056	12	31	336	1
2057	1	31	1	1
2057	2	28	32	1
2057	3	31	60	2
2057	4	30	91	2
2057	5	31	121	2
2057	6	30	152	3
2057	7	31	182	3
2057	8	31	213	3
2057	9	30	244	4
2057	10	31	274	4
2057	11	30	305	4
2057	12	31	335	1
2058	1	31	1	1
2058	2	28	32	1
2058	3	31	60	2
2058	4	30	91	2
2058	5	31	121	2
2058	6	30	152	3
2058	7	31	182	3
2058	8	31	213	3
2058	9	30	244	4
2058	10	31	274	4
2058	11	30	305	4
2058	12	31	335	1
2059	1	31	1	1
2059	2	28	32	1
2059	3	31	60	2
2059	4	30	91	2
2059	5	31	121	2
2059	6	30	152	3
2059	7	31	182	3
2059	8	31	213	3
2059	9	30	244	4
2059	10	31	274	4
2059	11	30	305	4
2059	12	31	335	1
2060	1	31	1	1
2060	2	29	32	1
2060	3	31	61	2
2060	4	30	92	2
2060	5	31	122	2
2060	6	30	153	3
2060	7	31	183	3
2060	8	31	214	3
2060	9	30	245	4
2060	10	31	275	4
2060	11	30	306	4
2060	12	31	336	1
2061	1	31	1	1
2061	2	28	32	1
2061	3	31	60	2
2061	4	30	91	2
2061	5	31	121	2
2061	6	30	152	3
2061	7	31	182	3
2061	8	31	213	3
2061	9	30	244	4
2061	10	31	274	4
2061	11	30	305	4
2061	12	31	335	1
2062	1	31	1	1
2062	2	28	32	1
2062	3	31	60	2
2062	4	30	91	2
2062	5	31	121	2
2062	6	30	152	3
2062	7	31	182	3
2062	8	31	213	3
2062	9	30	244	4
2062	10	31	274	4
2062	11	30	305	4
2062	12	31	335	1
2063	1	31	1	1
2063	2	28	32	1
2063	3	31	60	2
2063	4	30	91	2
2063	5	31	121	2
2063	6	30	152	3
2063	7	31	182	3
2063	8	31	213	3
2063	9	30	244	4
2063	10	31	274	4
2063	11	30	305	4
2063	12	31	335	1
2064	1	31	1	1
2064	2	29	32	1
2064	3	31	61	2
2064	4	30	92	2
2064	5	31	122	2
2064	6	30	153	3
2064	7	31	183	3
2064	8	31	214	3
2064	9	30	245	4
2064	10	31	275	4
2064	11	30	306	4
2064	12	31	336	1
2065	1	31	1	1
2065	2	28	32	1
2065	3	31	60	2
2065	4	30	91	2
2065	5	31	121	2
2065	6	30	152	3
2065	7	31	182	3
2065	8	31	213	3
2065	9	30	244	4
2065	10	31	274	4
2065	11	30	305	4
2065	12	31	335	1
2066	1	31	1	1
2066	2	28	32	1
2066	3	31	60	2
2066	4	30	91	2
2066	5	31	121	2
2066	6	30	152	3
2066	7	31	182	3
2066	8	31	213	3
2066	9	30	244	4
2066	10	31	274	4
2066	11	30	305	4
2066	12	31	335	1
2067	1	31	1	1
2067	2	28	32	1
2067	3	31	60	2
2067	4	30	91	2
2067	5	31	121	2
2067	6	30	152	3
2067	7	31	182	3
2067	8	31	213	3
2067	9	30	244	4
2067	10	31	274	4
2067	11	30	305	4
2067	12	31	335	1
2068	1	31	1	1
2068	2	29	32	1
2068	3	31	61	2
2068	4	30	92	2
2068	5	31	122	2
2068	6	30	153	3
2068	7	31	183	3
2068	8	31	214	3
2068	9	30	245	4
2068	10	31	275	4
2068	11	30	306	4
2068	12	31	336	1
2069	1	31	1	1
2069	2	28	32	1
2069	3	31	60	2
2069	4	30	91	2
2069	5	31	121	2
2069	6	30	152	3
2069	7	31	182	3
2069	8	31	213	3
2069	9	30	244	4
2069	10	31	274	4
2069	11	30	305	4
2069	12	31	335	1
2070	1	31	1	1
2070	2	28	32	1
2070	3	31	60	2
2070	4	30	91	2
2070	5	31	121	2
2070	6	30	152	3
2070	7	31	182	3
2070	8	31	213	3
2070	9	30	244	4
2070	10	31	274	4
2070	11	30	305	4
2070	12	31	335	1
2071	1	31	1	1
2071	2	28	32	1
2071	3	31	60	2
2071	4	30	91	2
2071	5	31	121	2
2071	6	30	152	3
2071	7	31	182	3
2071	8	31	213	3
2071	9	30	244	4
2071	10	31	274	4
2071	11	30	305	4
2071	12	31	335	1
2072	1	31	1	1
2072	2	29	32	1
2072	3	31	61	2
2072	4	30	92	2
2072	5	31	122	2
2072	6	30	153	3
2072	7	31	183	3
2072	8	31	214	3
2072	9	30	245	4
2072	10	31	275	4
2072	11	30	306	4
2072	12	31	336	1
2073	1	31	1	1
2073	2	28	32	1
2073	3	31	60	2
2073	4	30	91	2
2073	5	31	121	2
2073	6	30	152	3
2073	7	31	182	3
2073	8	31	213	3
2073	9	30	244	4
2073	10	31	274	4
2073	11	30	305	4
2073	12	31	335	1
2074	1	31	1	1
2074	2	28	32	1
2074	3	31	60	2
2074	4	30	91	2
2074	5	31	121	2
2074	6	30	152	3
2074	7	31	182	3
2074	8	31	213	3
2074	9	30	244	4
2074	10	31	274	4
2074	11	30	305	4
2074	12	31	335	1
2075	1	31	1	1
2075	2	28	32	1
2075	3	31	60	2
2075	4	30	91	2
2075	5	31	121	2
2075	6	30	152	3
2075	7	31	182	3
2075	8	31	213	3
2075	9	30	244	4
2075	10	31	274	4
2075	11	30	305	4
2075	12	31	335	1
2076	1	31	1	1
2076	2	29	32	1
2076	3	31	61	2
2076	4	30	92	2
2076	5	31	122	2
2076	6	30	153	3
2076	7	31	183	3
2076	8	31	214	3
2076	9	30	245	4
2076	10	31	275	4
2076	11	30	306	4
2076	12	31	336	1
2077	1	31	1	1
2077	2	28	32	1
2077	3	31	60	2
2077	4	30	91	2
2077	5	31	121	2
2077	6	30	152	3
2077	7	31	182	3
2077	8	31	213	3
2077	9	30	244	4
2077	10	31	274	4
2077	11	30	305	4
2077	12	31	335	1
2078	1	31	1	1
2078	2	28	32	1
2078	3	31	60	2
2078	4	30	91	2
2078	5	31	121	2
2078	6	30	152	3
2078	7	31	182	3
2078	8	31	213	3
2078	9	30	244	4
2078	10	31	274	4
2078	11	30	305	4
2078	12	31	335	1
2079	1	31	1	1
2079	2	28	32	1
2079	3	31	60	2
2079	4	30	91	2
2079	5	31	121	2
2079	6	30	152	3
2079	7	31	182	3
2079	8	31	213	3
2079	9	30	244	4
2079	10	31	274	4
2079	11	30	305	4
2079	12	31	335	1
2080	1	31	1	1
2080	2	29	32	1
2080	3	31	61	2
2080	4	30	92	2
2080	5	31	122	2
2080	6	30	153	3
2080	7	31	183	3
2080	8	31	214	3
2080	9	30	245	4
2080	10	31	275	4
2080	11	30	306	4
2080	12	31	336	1
2081	1	31	1	1
2081	2	28	32	1
2081	3	31	60	2
2081	4	30	91	2
2081	5	31	121	2
2081	6	30	152	3
2081	7	31	182	3
2081	8	31	213	3
2081	9	30	244	4
2081	10	31	274	4
2081	11	30	305	4
2081	12	31	335	1
2082	1	31	1	1
2082	2	28	32	1
2082	3	31	60	2
2082	4	30	91	2
2082	5	31	121	2
2082	6	30	152	3
2082	7	31	182	3
2082	8	31	213	3
2082	9	30	244	4
2082	10	31	274	4
2082	11	30	305	4
2082	12	31	335	1
2083	1	31	1	1
2083	2	28	32	1
2083	3	31	60	2
2083	4	30	91	2
2083	5	31	121	2
2083	6	30	152	3
2083	7	31	182	3
2083	8	31	213	3
2083	9	30	244	4
2083	10	31	274	4
2083	11	30	305	4
2083	12	31	335	1
2084	1	31	1	1
2084	2	29	32	1
2084	3	31	61	2
2084	4	30	92	2
2084	5	31	122	2
2084	6	30	153	3
2084	7	31	183	3
2084	8	31	214	3
2084	9	30	245	4
2084	10	31	275	4
2084	11	30	306	4
2084	12	31	336	1
2085	1	31	1	1
2085	2	28	32	1
2085	3	31	60	2
2085	4	30	91	2
2085	5	31	121	2
2085	6	30	152	3
2085	7	31	182	3
2085	8	31	213	3
2085	9	30	244	4
2085	10	31	274	4
2085	11	30	305	4
2085	12	31	335	1
2086	1	31	1	1
2086	2	28	32	1
2086	3	31	60	2
2086	4	30	91	2
2086	5	31	121	2
2086	6	30	152	3
2086	7	31	182	3
2086	8	31	213	3
2086	9	30	244	4
2086	10	31	274	4
2086	11	30	305	4
2086	12	31	335	1
2087	1	31	1	1
2087	2	28	32	1
2087	3	31	60	2
2087	4	30	91	2
2087	5	31	121	2
2087	6	30	152	3
2087	7	31	182	3
2087	8	31	213	3
2087	9	30	244	4
2087	10	31	274	4
2087	11	30	305	4
2087	12	31	335	1
2088	1	31	1	1
2088	2	29	32	1
2088	3	31	61	2
2088	4	30	92	2
2088	5	31	122	2
2088	6	30	153	3
2088	7	31	183	3
2088	8	31	214	3
2088	9	30	245	4
2088	10	31	275	4
2088	11	30	306	4
2088	12	31	336	1
2089	1	31	1	1
2089	2	28	32	1
2089	3	31	60	2
2089	4	30	91	2
2089	5	31	121	2
2089	6	30	152	3
2089	7	31	182	3
2089	8	31	213	3
2089	9	30	244	4
2089	10	31	274	4
2089	11	30	305	4
2089	12	31	335	1
2090	1	31	1	1
2090	2	28	32	1
2090	3	31	60	2
2090	4	30	91	2
2090	5	31	121	2
2090	6	30	152	3
2090	7	31	182	3
2090	8	31	213	3
2090	9	30	244	4
2090	10	31	274	4
2090	11	30	305	4
2090	12	31	335	1
2091	1	31	1	1
2091	2	28	32	1
2091	3	31	60	2
2091	4	30	91	2
2091	5	31	121	2
2091	6	30	152	3
2091	7	31	182	3
2091	8	31	213	3
2091	9	30	244	4
2091	10	31	274	4
2091	11	30	305	4
2091	12	31	335	1
2092	1	31	1	1
2092	2	29	32	1
2092	3	31	61	2
2092	4	30	92	2
2092	5	31	122	2
2092	6	30	153	3
2092	7	31	183	3
2092	8	31	214	3
2092	9	30	245	4
2092	10	31	275	4
2092	11	30	306	4
2092	12	31	336	1
2093	1	31	1	1
2093	2	28	32	1
2093	3	31	60	2
2093	4	30	91	2
2093	5	31	121	2
2093	6	30	152	3
2093	7	31	182	3
2093	8	31	213	3
2093	9	30	244	4
2093	10	31	274	4
2093	11	30	305	4
2093	12	31	335	1
2094	1	31	1	1
2094	2	28	32	1
2094	3	31	60	2
2094	4	30	91	2
2094	5	31	121	2
2094	6	30	152	3
2094	7	31	182	3
2094	8	31	213	3
2094	9	30	244	4
2094	10	31	274	4
2094	11	30	305	4
2094	12	31	335	1
2095	1	31	1	1
2095	2	28	32	1
2095	3	31	60	2
2095	4	30	91	2
2095	5	31	121	2
2095	6	30	152	3
2095	7	31	182	3
2095	8	31	213	3
2095	9	30	244	4
2095	10	31	274	4
2095	11	30	305	4
2095	12	31	335	1
2096	1	31	1	1
2096	2	29	32	1
2096	3	31	61	2
2096	4	30	92	2
2096	5	31	122	2
2096	6	30	153	3
2096	7	31	183	3
2096	8	31	214	3
2096	9	30	245	4
2096	10	31	275	4
2096	11	30	306	4
2096	12	31	336	1
2097	1	31	1	1
2097	2	28	32	1
2097	3	31	60	2
2097	4	30	91	2
2097	5	31	121	2
2097	6	30	152	3
2097	7	31	182	3
2097	8	31	213	3
2097	9	30	244	4
2097	10	31	274	4
2097	11	30	305	4
2097	12	31	335	1
2098	1	31	1	1
2098	2	28	32	1
2098	3	31	60	2
2098	4	30	91	2
2098	5	31	121	2
2098	6	30	152	3
2098	7	31	182	3
2098	8	31	213	3
2098	9	30	244	4
2098	10	31	274	4
2098	11	30	305	4
2098	12	31	335	1
